1 0110000000000000 0000000000000000 1 0100000000000000 -0.003064 -0.003064 0 0.000000e+00 0.000000e+00 0.000000e+00
2 0210000000000000 0000000000000000 1 0200000000000000 0.003064 -0.003064 0 0.000000e+00 0.000000e+00 0.000000e+00 
3 0310000000000000 0000000000000000 1 0300000000000000 -0.003064 0.003064 0 0.000000e+00 0.000000e+00 0.000000e+00 
4 0410000000000000 0000000000000000 1 0400000000000000 0.003064 0.003064 0 0.000000e+00 0.000000e+00 0.000000e+00 
5 0000000000000000 0100000000000000 2 0110000000000000 -0.004596 -0.004596 0 0.000000e+00 0.000000e+00 0.000000e+00 
6 0000000000000000 0100000000000000 2 0120000000000000 -0.001532 -0.004596 0 0.000000e+00 0.000000e+00 0.000000e+00 
7 0000000000000000 0100000000000000 2 0130000000000000 -0.004596 -0.001532 0 0.000000e+00 0.000000e+00 0.000000e+00 
8 0000000000000000 0100000000000000 2 0140000000000000 -0.001532 -0.001532 0 0.000000e+00 0.000000e+00 0.000000e+00 
9 0000000000000000 0200000000000000 2 0210000000000000 0.001532 -0.004596 0 0.000000e+00 0.000000e+00 0.000000e+00 
10 0000000000000000 0200000000000000 2 0220000000000000 0.004596 -0.004596 0 0.000000e+00 0.000000e+00 0.000000e+00 
11 0000000000000000 0200000000000000 2 0230000000000000 0.001532 -0.001532 0 0.000000e+00 0.000000e+00 0.000000e+00 
12 0000000000000000 0200000000000000 2 0240000000000000 0.004596 -0.001532 0 0.000000e+00 0.000000e+00 0.000000e+00 
13 0000000000000000 0300000000000000 2 0310000000000000 -0.004596 0.001532 0 0.000000e+00 0.000000e+00 0.000000e+00 
14 0000000000000000 0300000000000000 2 0320000000000000 -0.001532 0.001532 0 0.000000e+00 0.000000e+00 0.000000e+00 
15 0000000000000000 0300000000000000 2 0330000000000000 -0.004596 0.004596 0 0.000000e+00 0.000000e+00 0.000000e+00 
16 0000000000000000 0300000000000000 2 0340000000000000 -0.001532 0.004596 0 0.000000e+00 0.000000e+00 0.000000e+00 
17 0000000000000000 0400000000000000 2 0410000000000000 0.001532 0.001532 0 0.000000e+00 0.000000e+00 0.000000e+00 
18 0000000000000000 0400000000000000 2 0420000000000000 0.004596 0.001532 0 0.000000e+00 0.000000e+00 0.000000e+00 
19 0000000000000000 0400000000000000 2 0430000000000000 0.001532 0.004596 0 0.000000e+00 0.000000e+00 0.000000e+00 
20 0000000000000000 0400000000000000 2 0440000000000000 0.004596 0.004596 0 0.000000e+00 0.000000e+00 0.000000e+00 
