1 0110000000000000 0000000000000000 1 0100000000000000 -0.004000 -0.004000 0 0.000000e+00 0.000000e+00 0.000000e+00
2 0210000000000000 0000000000000000 1 0200000000000000 0.004000 -0.004000 0 0.000000e+00 0.000000e+00 0.000000e+00 
3 0310000000000000 0000000000000000 1 0300000000000000 -0.004000 0.004000 0 0.000000e+00 0.000000e+00 0.000000e+00 
4 0410000000000000 0000000000000000 1 0400000000000000 0.004000 0.004000 0 0.000000e+00 0.000000e+00 0.000000e+00 
5 0111000000000000 0100000000000000 2 0110000000000000 -0.006000 -0.006000 0 0.000000e+00 0.000000e+00 0.000000e+00 
6 0121000000000000 0100000000000000 2 0120000000000000 -0.002000 -0.006000 0 0.000000e+00 0.000000e+00 0.000000e+00 
7 0131000000000000 0100000000000000 2 0130000000000000 -0.006000 -0.002000 0 0.000000e+00 0.000000e+00 0.000000e+00 
8 0141000000000000 0100000000000000 2 0140000000000000 -0.002000 -0.002000 0 0.000000e+00 0.000000e+00 0.000000e+00 
9 0211000000000000 0200000000000000 2 0210000000000000 0.002000 -0.006000 0 0.000000e+00 0.000000e+00 0.000000e+00 
10 0221000000000000 0200000000000000 2 0220000000000000 0.006000 -0.006000 0 0.000000e+00 0.000000e+00 0.000000e+00 
11 0231000000000000 0200000000000000 2 0230000000000000 0.002000 -0.002000 0 0.000000e+00 0.000000e+00 0.000000e+00 
12 0241000000000000 0200000000000000 2 0240000000000000 0.006000 -0.002000 0 0.000000e+00 0.000000e+00 0.000000e+00 
13 0311000000000000 0300000000000000 2 0310000000000000 -0.006000 0.002000 0 0.000000e+00 0.000000e+00 0.000000e+00 
14 0321000000000000 0300000000000000 2 0320000000000000 -0.002000 0.002000 0 0.000000e+00 0.000000e+00 0.000000e+00 
15 0331000000000000 0300000000000000 2 0330000000000000 -0.006000 0.006000 0 0.000000e+00 0.000000e+00 0.000000e+00 
16 0341000000000000 0300000000000000 2 0340000000000000 -0.002000 0.006000 0 0.000000e+00 0.000000e+00 0.000000e+00 
17 0411000000000000 0400000000000000 2 0410000000000000 0.002000 0.002000 0 0.000000e+00 0.000000e+00 0.000000e+00 
18 0421000000000000 0400000000000000 2 0420000000000000 0.006000 0.002000 0 0.000000e+00 0.000000e+00 0.000000e+00 
19 0431000000000000 0400000000000000 2 0430000000000000 0.002000 0.006000 0 0.000000e+00 0.000000e+00 0.000000e+00 
20 0441000000000000 0400000000000000 2 0440000000000000 0.006000 0.006000 0 0.000000e+00 0.000000e+00 0.000000e+00 
21 0000000000000000 0110000000000000 3 0111000000000000 -0.007000 -0.007000 0 0.000000e+00 0.000000e+00 0.000000e+00 
22 0000000000000000 0110000000000000 3 0112000000000000 -0.005000 -0.007000 0 0.000000e+00 0.000000e+00 0.000000e+00 
23 0000000000000000 0110000000000000 3 0113000000000000 -0.007000 -0.005000 0 0.000000e+00 0.000000e+00 0.000000e+00 
24 0000000000000000 0110000000000000 3 0114000000000000 -0.005000 -0.005000 0 0.000000e+00 0.000000e+00 0.000000e+00 
25 0000000000000000 0120000000000000 3 0121000000000000 -0.003000 -0.007000 0 0.000000e+00 0.000000e+00 0.000000e+00 
26 0000000000000000 0120000000000000 3 0122000000000000 -0.001000 -0.007000 0 0.000000e+00 0.000000e+00 0.000000e+00 
27 0000000000000000 0120000000000000 3 0123000000000000 -0.003000 -0.005000 0 0.000000e+00 0.000000e+00 0.000000e+00 
28 0000000000000000 0120000000000000 3 0124000000000000 -0.001000 -0.005000 0 0.000000e+00 0.000000e+00 0.000000e+00 
29 0000000000000000 0130000000000000 3 0131000000000000 -0.007000 -0.003000 0 0.000000e+00 0.000000e+00 0.000000e+00 
30 0000000000000000 0130000000000000 3 0132000000000000 -0.005000 -0.003000 0 0.000000e+00 0.000000e+00 0.000000e+00 
31 0000000000000000 0130000000000000 3 0133000000000000 -0.007000 -0.001000 0 0.000000e+00 0.000000e+00 0.000000e+00 
32 0000000000000000 0130000000000000 3 0134000000000000 -0.005000 -0.001000 0 0.000000e+00 0.000000e+00 0.000000e+00 
33 0000000000000000 0140000000000000 3 0141000000000000 -0.003000 -0.003000 0 0.000000e+00 0.000000e+00 0.000000e+00 
34 0000000000000000 0140000000000000 3 0142000000000000 -0.001000 -0.003000 0 0.000000e+00 0.000000e+00 0.000000e+00 
35 0000000000000000 0140000000000000 3 0143000000000000 -0.003000 -0.001000 0 0.000000e+00 0.000000e+00 0.000000e+00 
36 0000000000000000 0140000000000000 3 0144000000000000 -0.001000 -0.001000 0 0.000000e+00 0.000000e+00 0.000000e+00 
37 0000000000000000 0210000000000000 3 0211000000000000 0.001000 -0.007000 0 0.000000e+00 0.000000e+00 0.000000e+00 
38 0000000000000000 0210000000000000 3 0212000000000000 0.003000 -0.007000 0 0.000000e+00 0.000000e+00 0.000000e+00 
39 0000000000000000 0210000000000000 3 0213000000000000 0.001000 -0.005000 0 0.000000e+00 0.000000e+00 0.000000e+00 
40 0000000000000000 0210000000000000 3 0214000000000000 0.003000 -0.005000 0 0.000000e+00 0.000000e+00 0.000000e+00 
41 0000000000000000 0220000000000000 3 0221000000000000 0.005000 -0.007000 0 0.000000e+00 0.000000e+00 0.000000e+00 
42 0000000000000000 0220000000000000 3 0222000000000000 0.007000 -0.007000 0 0.000000e+00 0.000000e+00 0.000000e+00 
43 0000000000000000 0220000000000000 3 0223000000000000 0.005000 -0.005000 0 0.000000e+00 0.000000e+00 0.000000e+00 
44 0000000000000000 0220000000000000 3 0224000000000000 0.007000 -0.005000 0 0.000000e+00 0.000000e+00 0.000000e+00 
45 0000000000000000 0230000000000000 3 0231000000000000 0.001000 -0.003000 0 0.000000e+00 0.000000e+00 0.000000e+00 
46 0000000000000000 0230000000000000 3 0232000000000000 0.003000 -0.003000 0 0.000000e+00 0.000000e+00 0.000000e+00 
47 0000000000000000 0230000000000000 3 0233000000000000 0.001000 -0.001000 0 0.000000e+00 0.000000e+00 0.000000e+00 
48 0000000000000000 0230000000000000 3 0234000000000000 0.003000 -0.001000 0 0.000000e+00 0.000000e+00 0.000000e+00 
49 0000000000000000 0240000000000000 3 0241000000000000 0.005000 -0.003000 0 0.000000e+00 0.000000e+00 0.000000e+00 
50 0000000000000000 0240000000000000 3 0242000000000000 0.007000 -0.003000 0 0.000000e+00 0.000000e+00 0.000000e+00 
51 0000000000000000 0240000000000000 3 0243000000000000 0.005000 -0.001000 0 0.000000e+00 0.000000e+00 0.000000e+00 
52 0000000000000000 0240000000000000 3 0244000000000000 0.007000 -0.001000 0 0.000000e+00 0.000000e+00 0.000000e+00 
53 0000000000000000 0310000000000000 3 0311000000000000 -0.007000 0.001000 0 0.000000e+00 0.000000e+00 0.000000e+00 
54 0000000000000000 0310000000000000 3 0312000000000000 -0.005000 0.001000 0 0.000000e+00 0.000000e+00 0.000000e+00 
55 0000000000000000 0310000000000000 3 0313000000000000 -0.007000 0.003000 0 0.000000e+00 0.000000e+00 0.000000e+00 
56 0000000000000000 0310000000000000 3 0314000000000000 -0.005000 0.003000 0 0.000000e+00 0.000000e+00 0.000000e+00 
57 0000000000000000 0320000000000000 3 0321000000000000 -0.003000 0.001000 0 0.000000e+00 0.000000e+00 0.000000e+00 
58 0000000000000000 0320000000000000 3 0322000000000000 -0.001000 0.001000 0 0.000000e+00 0.000000e+00 0.000000e+00 
59 0000000000000000 0320000000000000 3 0323000000000000 -0.003000 0.003000 0 0.000000e+00 0.000000e+00 0.000000e+00 
60 0000000000000000 0320000000000000 3 0324000000000000 -0.001000 0.003000 0 0.000000e+00 0.000000e+00 0.000000e+00 
61 0000000000000000 0330000000000000 3 0331000000000000 -0.007000 0.005000 0 0.000000e+00 0.000000e+00 0.000000e+00 
62 0000000000000000 0330000000000000 3 0332000000000000 -0.005000 0.005000 0 0.000000e+00 0.000000e+00 0.000000e+00 
63 0000000000000000 0330000000000000 3 0333000000000000 -0.007000 0.007000 0 0.000000e+00 0.000000e+00 0.000000e+00 
64 0000000000000000 0330000000000000 3 0334000000000000 -0.005000 0.007000 0 0.000000e+00 0.000000e+00 0.000000e+00 
65 0000000000000000 0340000000000000 3 0341000000000000 -0.003000 0.005000 0 0.000000e+00 0.000000e+00 0.000000e+00 
66 0000000000000000 0340000000000000 3 0342000000000000 -0.001000 0.005000 0 0.000000e+00 0.000000e+00 0.000000e+00 
67 0000000000000000 0340000000000000 3 0343000000000000 -0.003000 0.007000 0 0.000000e+00 0.000000e+00 0.000000e+00 
68 0000000000000000 0340000000000000 3 0344000000000000 -0.001000 0.007000 0 0.000000e+00 0.000000e+00 0.000000e+00 
69 0000000000000000 0410000000000000 3 0411000000000000 0.001000 0.001000 0 0.000000e+00 0.000000e+00 0.000000e+00 
70 0000000000000000 0410000000000000 3 0412000000000000 0.003000 0.001000 0 0.000000e+00 0.000000e+00 0.000000e+00 
71 0000000000000000 0410000000000000 3 0413000000000000 0.001000 0.003000 0 0.000000e+00 0.000000e+00 0.000000e+00 
72 0000000000000000 0410000000000000 3 0414000000000000 0.003000 0.003000 0 0.000000e+00 0.000000e+00 0.000000e+00 
73 0000000000000000 0420000000000000 3 0421000000000000 0.005000 0.001000 0 0.000000e+00 0.000000e+00 0.000000e+00 
74 0000000000000000 0420000000000000 3 0422000000000000 0.007000 0.001000 0 0.000000e+00 0.000000e+00 0.000000e+00 
75 0000000000000000 0420000000000000 3 0423000000000000 0.005000 0.003000 0 0.000000e+00 0.000000e+00 0.000000e+00 
76 0000000000000000 0420000000000000 3 0424000000000000 0.007000 0.003000 0 0.000000e+00 0.000000e+00 0.000000e+00 
77 0000000000000000 0430000000000000 3 0431000000000000 0.001000 0.005000 0 0.000000e+00 0.000000e+00 0.000000e+00 
78 0000000000000000 0430000000000000 3 0432000000000000 0.003000 0.005000 0 0.000000e+00 0.000000e+00 0.000000e+00 
79 0000000000000000 0430000000000000 3 0433000000000000 0.001000 0.007000 0 0.000000e+00 0.000000e+00 0.000000e+00 
80 0000000000000000 0430000000000000 3 0434000000000000 0.003000 0.007000 0 0.000000e+00 0.000000e+00 0.000000e+00 
81 0000000000000000 0440000000000000 3 0441000000000000 0.005000 0.005000 0 0.000000e+00 0.000000e+00 0.000000e+00 
82 0000000000000000 0440000000000000 3 0442000000000000 0.007000 0.005000 0 0.000000e+00 0.000000e+00 0.000000e+00 
83 0000000000000000 0440000000000000 3 0443000000000000 0.005000 0.007000 0 0.000000e+00 0.000000e+00 0.000000e+00 
84 0000000000000000 0440000000000000 3 0444000000000000 0.007000 0.007000 0 0.000000e+00 0.000000e+00 0.000000e+00 
