1 -0.0040000000 -0.0040000000  9.2331092818e-07 9.0926715422e-04  1.6930663144e-03
43 0.0050000000 -0.0050000000  4.5975477216e-09 -1.3049981402e-05  1.3498106835e-04
15 -0.0060000000 0.0060000000  1.6057219872e-11 -7.9910011390e-06  -6.1056332812e-07
2 0.0040000000 -0.0040000000  9.2331101278e-07 -1.8232093677e-03  -6.0757570950e-04
71 0.0010000000 0.0030000000  1.2620537498e-02 2.2105655330e-01  3.1289588775e-02
57 -0.0030000000 0.0010000000  1.4547890796e-02 -2.3840576479e-01  2.2531977105e-02
29 -0.0070000000 -0.0030000000  7.6518455062e-09 1.7424974531e-04  -1.5633555953e-05
16 -0.0020000000 0.0060000000  4.6317754579e-08 6.4741168260e-05  4.2553447675e-04
44 0.0070000000 -0.0050000000  4.6149408926e-11 -8.7182820655e-06  -1.0420614201e-05
3 -0.0040000000 0.0040000000  9.2331092818e-07 -9.0926715422e-04  -1.6930663144e-03
58 -0.0010000000 0.0010000000  9.0911250229e-01 -4.8066835790e-01  3.1538194559e-01
45 0.0010000000 -0.0030000000  1.2620537498e-02 -2.2105655330e-01  -3.1289588775e-02
4 0.0040000000 0.0040000000  9.2331101278e-07 1.8232093677e-03  6.0757570950e-04
17 0.0020000000 0.0020000000  5.3357384239e-02 -4.2888800081e-01  1.3452352176e-01
72 0.0030000000 0.0030000000  3.3228703149e-04 -6.4826310918e-03  3.5870349335e-02
30 -0.0050000000 -0.0030000000  2.6242331008e-06 2.9282690019e-03  -1.3864146238e-03
46 0.0030000000 -0.0030000000  3.3228703149e-04 6.4826310918e-03  -3.5870349335e-02
5 -0.0060000000 -0.0060000000  1.6057219872e-11 7.9910011390e-06  6.1056332812e-07
31 -0.0070000000 -0.0010000000  5.3141266303e-09 -1.3232574972e-04  -6.1207862137e-05
18 0.0060000000 0.0020000000  9.7372814416e-07 4.1128063083e-04  1.9302220149e-03
59 -0.0030000000 0.0030000000  3.3228693224e-04 -6.5153992935e-03  3.5864406346e-02
47 0.0010000000 -0.0010000000  9.0911280885e-01 4.8306945595e-01  -3.1169013340e-01
6 -0.0020000000 -0.0060000000  4.6317754579e-08 -6.4741168260e-05  -4.2553447675e-04
73 0.0050000000 0.0010000000  1.3085952418e-05 -8.8649026470e-04  7.1803384123e-03
32 -0.0050000000 -0.0010000000  1.3085970705e-05 -6.1972725033e-04  -7.2082685845e-03
19 0.0020000000 0.0060000000  4.6317740171e-08 -5.4617977149e-05  -4.2695178735e-04
48 0.0030000000 -0.0010000000  1.4547880420e-02 -2.3858418433e-01  2.0555908411e-02
60 -0.0010000000 0.0030000000  1.2620536381e-02 -2.2098324576e-01  -3.1803126623e-02
7 -0.0060000000 -0.0020000000  9.7372881575e-07 5.0646258322e-04  1.9074609098e-03
20 0.0060000000 0.0060000000  1.6057208671e-11 -7.5719462004e-06  -2.6257328953e-06
33 -0.0030000000 -0.0030000000  3.3228693224e-04 6.5153992935e-03  -3.5864406346e-02
74 0.0070000000 0.0010000000  5.3141219087e-09 5.1855446486e-05  -1.3626261488e-04
49 0.0050000000 -0.0030000000  2.6242331793e-06 -2.6734157793e-03  1.8302331114e-03
8 -0.0020000000 -0.0020000000  5.3357374788e-02 -4.2824712405e-01  1.3654985215e-01
21 -0.0070000000 -0.0070000000  1.2625073573e-14 -1.5635579700e-07  1.6142330199e-07
34 -0.0010000000 -0.0030000000  1.2620536381e-02 2.2098324576e-01  3.1803126623e-02
50 0.0070000000 -0.0030000000  7.6518428951e-09 1.7182692768e-04  -3.2907116131e-05
61 -0.0070000000 0.0050000000  4.6149452754e-11 1.3548524071e-05  1.0175034238e-06
9 0.0020000000 -0.0060000000  4.6317740171e-08 5.4617977149e-05  4.2695178735e-04
35 -0.0030000000 -0.0010000000  1.4547890796e-02 2.3840576479e-01  -2.2531977105e-02
22 -0.0050000000 -0.0070000000  3.1029142229e-13 9.2745191343e-07  -6.1725694005e-07
75 0.0050000000 0.0030000000  2.6242331793e-06 2.6734157793e-03  -1.8302331114e-03
51 0.0050000000 -0.0010000000  1.3085952418e-05 8.8649026470e-04  -7.1803384123e-03
36 -0.0010000000 -0.0010000000  9.0911250229e-01 4.8066835790e-01  -3.1538194559e-01
10 0.0060000000 -0.0060000000  1.6057208671e-11 7.5719462004e-06  2.6257328953e-06
23 -0.0070000000 -0.0050000000  4.6149452754e-11 -1.3548524071e-05  -1.0175034238e-06
62 -0.0050000000 0.0050000000  4.5975516104e-09 9.4224741885e-05  9.7528992593e-05
52 0.0070000000 -0.0010000000  5.3141219087e-09 -5.1855446486e-05  1.3626261488e-04
37 0.0010000000 -0.0070000000  2.3330465040e-10 -1.5751476257e-05  -2.6174598690e-05
76 0.0070000000 0.0030000000  7.6518428951e-09 -1.7182692768e-04  3.2907116131e-05
11 0.0020000000 -0.0020000000  5.3357384239e-02 4.2888800081e-01  -1.3452352176e-01
24 -0.0050000000 -0.0050000000  4.5975516104e-09 -9.4224741885e-05  -9.7528992593e-05
53 -0.0070000000 0.0010000000  5.3141266303e-09 1.3232574972e-04  6.1207862137e-05
38 0.0030000000 -0.0070000000  1.4121483962e-10 -2.3564303763e-05  3.0956355679e-06
63 -0.0070000000 0.0070000000  1.2625073573e-14 1.5635579700e-07  -1.6142330199e-07
12 0.0060000000 -0.0020000000  9.7372814416e-07 -4.1128063083e-04  -1.9302220149e-03
25 -0.0030000000 -0.0070000000  1.4121484616e-10 -2.3764586144e-05  3.2224512779e-07
54 -0.0050000000 0.0010000000  1.3085970705e-05 6.1972725033e-04  7.2082685845e-03
77 0.0010000000 0.0050000000  1.8899905061e-06 6.7197564102e-04  -2.6661576236e-03
39 0.0010000000 -0.0050000000  1.8899905061e-06 -6.7197564102e-04  2.6661576236e-03
13 -0.0060000000 0.0020000000  9.7372881575e-07 -5.0646258322e-04  -1.9074609098e-03
26 -0.0010000000 -0.0070000000  2.3330464985e-10 8.9310904185e-07  3.0535569010e-05
55 -0.0070000000 0.0030000000  7.6518455062e-09 -1.7424974531e-04  1.5633555953e-05
40 0.0030000000 -0.0050000000  5.3557941714e-09 -6.4374424191e-05  1.3145002900e-04
64 -0.0050000000 0.0070000000  3.1029142229e-13 -9.2745191343e-07  6.1725694005e-07
14 -0.0020000000 0.0020000000  5.3357374788e-02 4.2824712405e-01  -1.3654985215e-01
78 0.0030000000 0.0050000000  5.3557941714e-09 6.4374424191e-05  -1.3145002900e-04
27 -0.0030000000 -0.0050000000  5.3557864160e-09 1.4356007284e-04  2.8524569547e-05
56 -0.0050000000 0.0030000000  2.6242331008e-06 -2.9282690019e-03  1.3864146238e-03
41 0.0050000000 -0.0070000000  3.1029137136e-13 -2.3434062677e-08  1.1138326549e-06
28 -0.0010000000 -0.0050000000  1.8899918360e-06 -1.9944608143e-04  2.7422936233e-03
65 -0.0030000000 0.0050000000  5.3557864160e-09 -1.4356007284e-04  -2.8524569547e-05
42 0.0070000000 -0.0070000000  1.2625002946e-14 1.4960286467e-07  -1.6770093014e-07
79 0.0010000000 0.0070000000  2.3330465040e-10 1.5751476257e-05  2.6174598690e-05
66 -0.0010000000 0.0050000000  1.8899918360e-06 1.9944608143e-04  -2.7422936233e-03
80 0.0030000000 0.0070000000  1.4121483962e-10 2.3564303763e-05  -3.0956355679e-06
67 -0.0030000000 0.0070000000  1.4121484616e-10 2.3764586144e-05  -3.2224512779e-07
81 0.0050000000 0.0050000000  4.5975477216e-09 1.3049981402e-05  -1.3498106835e-04
68 -0.0010000000 0.0070000000  2.3330464985e-10 -8.9310904185e-07  -3.0535569010e-05
82 0.0070000000 0.0050000000  4.6149408926e-11 8.7182820655e-06  1.0420614201e-05
69 0.0010000000 0.0010000000  9.0911280885e-01 -4.8306945595e-01  3.1169013340e-01
83 0.0050000000 0.0070000000  3.1029137136e-13 2.3434062677e-08  -1.1138326549e-06
70 0.0030000000 0.0010000000  1.4547880420e-02 2.3858418433e-01  -2.0555908411e-02
84 0.0070000000 0.0070000000  1.2625002946e-14 -1.4960286467e-07  1.6770093014e-07
