-0.0040000000 -0.0040000000 9.233109281806833e-07 1
0.0050000000 -0.0050000000 4.597547721611290e-09 3
-0.0060000000 0.0060000000 1.605721987177490e-11 2
0.0040000000 -0.0040000000 9.233110127786469e-07 1
0.0010000000 0.0030000000 1.262053749778102e-02 3
-0.0030000000 0.0010000000 1.454789079559156e-02 3
-0.0070000000 -0.0030000000 7.651845506181848e-09 3
-0.0020000000 0.0060000000 4.631775457897173e-08 2
0.0070000000 -0.0050000000 4.614940892612368e-11 3
-0.0040000000 0.0040000000 9.233109281806833e-07 1
-0.0010000000 0.0010000000 9.091125022852674e-01 3
0.0010000000 -0.0030000000 1.262053749778102e-02 3
0.0040000000 0.0040000000 9.233110127786469e-07 1
0.0020000000 0.0020000000 5.335738423944427e-02 2
0.0030000000 0.0030000000 3.322870314862778e-04 3
-0.0050000000 -0.0030000000 2.624233100751418e-06 3
0.0030000000 -0.0030000000 3.322870314862778e-04 3
-0.0060000000 -0.0060000000 1.605721987177490e-11 2
-0.0070000000 -0.0010000000 5.314126630341424e-09 3
0.0060000000 0.0020000000 9.737281441559920e-07 2
-0.0030000000 0.0030000000 3.322869322402395e-04 3
0.0010000000 -0.0010000000 9.091128088515256e-01 3
-0.0020000000 -0.0060000000 4.631775457897173e-08 2
0.0050000000 0.0010000000 1.308595241818400e-05 3
-0.0050000000 -0.0010000000 1.308597070544315e-05 3
0.0020000000 0.0060000000 4.631774017108186e-08 2
0.0030000000 -0.0010000000 1.454788041993478e-02 3
-0.0010000000 0.0030000000 1.262053638072218e-02 3
-0.0060000000 -0.0020000000 9.737288157534351e-07 2
0.0060000000 0.0060000000 1.605720867112694e-11 2
-0.0030000000 -0.0030000000 3.322869322402395e-04 3
0.0070000000 0.0010000000 5.314121908729587e-09 3
0.0050000000 -0.0030000000 2.624233179320632e-06 3
-0.0020000000 -0.0020000000 5.335737478828597e-02 2
-0.0070000000 -0.0070000000 1.262507357335963e-14 3
-0.0010000000 -0.0030000000 1.262053638072218e-02 3
0.0070000000 -0.0030000000 7.651842895050417e-09 3
-0.0070000000 0.0050000000 4.614945275390272e-11 3
0.0020000000 -0.0060000000 4.631774017108186e-08 2
-0.0030000000 -0.0010000000 1.454789079559156e-02 3
-0.0050000000 -0.0070000000 3.102914222862211e-13 3
0.0050000000 0.0030000000 2.624233179320632e-06 3
0.0050000000 -0.0010000000 1.308595241818400e-05 3
-0.0010000000 -0.0010000000 9.091125022852674e-01 3
0.0060000000 -0.0060000000 1.605720867112694e-11 2
-0.0070000000 -0.0050000000 4.614945275390272e-11 3
-0.0050000000 0.0050000000 4.597551610389574e-09 3
0.0070000000 -0.0010000000 5.314121908729587e-09 3
0.0010000000 -0.0070000000 2.333046504012237e-10 3
0.0070000000 0.0030000000 7.651842895050417e-09 3
0.0020000000 -0.0020000000 5.335738423944427e-02 2
-0.0050000000 -0.0050000000 4.597551610389574e-09 3
-0.0070000000 0.0010000000 5.314126630341424e-09 3
0.0030000000 -0.0070000000 1.412148396234631e-10 3
-0.0070000000 0.0070000000 1.262507357335963e-14 3
0.0060000000 -0.0020000000 9.737281441559920e-07 2
-0.0030000000 -0.0070000000 1.412148461607264e-10 3
-0.0050000000 0.0010000000 1.308597070544315e-05 3
0.0010000000 0.0050000000 1.889990506076021e-06 3
0.0010000000 -0.0050000000 1.889990506076021e-06 3
-0.0060000000 0.0020000000 9.737288157534351e-07 2
-0.0010000000 -0.0070000000 2.333046498518047e-10 3
-0.0070000000 0.0030000000 7.651845506181848e-09 3
0.0030000000 -0.0050000000 5.355794171368745e-09 3
-0.0050000000 0.0070000000 3.102914222862211e-13 3
-0.0020000000 0.0020000000 5.335737478828597e-02 2
0.0030000000 0.0050000000 5.355794171368745e-09 3
-0.0030000000 -0.0050000000 5.355786415976190e-09 3
-0.0050000000 0.0030000000 2.624233100751418e-06 3
0.0050000000 -0.0070000000 3.102913713564290e-13 3
-0.0010000000 -0.0050000000 1.889991835951850e-06 3
-0.0030000000 0.0050000000 5.355786415976190e-09 3
0.0070000000 -0.0070000000 1.262500294643082e-14 3
0.0010000000 0.0070000000 2.333046504012237e-10 3
-0.0010000000 0.0050000000 1.889991835951850e-06 3
0.0030000000 0.0070000000 1.412148396234631e-10 3
-0.0030000000 0.0070000000 1.412148461607264e-10 3
0.0050000000 0.0050000000 4.597547721611290e-09 3
-0.0010000000 0.0070000000 2.333046498518047e-10 3
0.0070000000 0.0050000000 4.614940892612368e-11 3
0.0010000000 0.0010000000 9.091128088515256e-01 3
0.0050000000 0.0070000000 3.102913713564290e-13 3
0.0030000000 0.0010000000 1.454788041993478e-02 3
0.0070000000 0.0070000000 1.262500294643082e-14 3
