X Y Z
-0.0040000000 -0.0040000000 0.00000092331092818068 1
-0.0040000000 0.0040000000 0.00000092331092818068 1
0.0040000000 -0.0040000000 0.00000092331101277865 1
0.0040000000 0.0040000000 0.00000092331101277865 1
-0.0060000000 -0.0060000000 0.00000000001605721987 2
-0.0060000000 -0.0020000000 0.00000097372881575344 2
-0.0060000000 0.0020000000 0.00000097372881575344 2
-0.0060000000 0.0060000000 0.00000000001605721987 2
-0.0020000000 -0.0060000000 0.00000004631775457897 2
-0.0020000000 -0.0020000000 0.05335737478828597030 2
-0.0020000000 0.0020000000 0.05335737478828597030 2
-0.0020000000 0.0060000000 0.00000004631775457897 2
0.0020000000 -0.0060000000 0.00000004631774017108 2
0.0020000000 -0.0020000000 0.05335738423944427072 2
0.0020000000 0.0020000000 0.05335738423944427072 2
0.0020000000 0.0060000000 0.00000004631774017108 2
0.0060000000 -0.0060000000 0.00000000001605720867 2
0.0060000000 -0.0020000000 0.00000097372814415599 2
0.0060000000 0.0020000000 0.00000097372814415599 2
0.0060000000 0.0060000000 0.00000000001605720867 2
-0.0070000000 -0.0070000000 0.00000000000001262507 3
-0.0070000000 -0.0050000000 0.00000000004614945275 3
-0.0070000000 -0.0030000000 0.00000000765184550618 3
-0.0070000000 -0.0010000000 0.00000000531412663034 3
-0.0070000000 0.0010000000 0.00000000531412663034 3
-0.0070000000 0.0030000000 0.00000000765184550618 3
-0.0070000000 0.0050000000 0.00000000004614945275 3
-0.0070000000 0.0070000000 0.00000000000001262507 3
-0.0050000000 -0.0070000000 0.00000000000031029142 3
-0.0050000000 -0.0050000000 0.00000000459755161039 3
-0.0050000000 -0.0030000000 0.00000262423310075142 3
-0.0050000000 -0.0010000000 0.00001308597070544315 3
-0.0050000000 0.0010000000 0.00001308597070544315 3
-0.0050000000 0.0030000000 0.00000262423310075142 3
-0.0050000000 0.0050000000 0.00000000459755161039 3
-0.0050000000 0.0070000000 0.00000000000031029142 3
-0.0030000000 -0.0070000000 0.00000000014121484616 3
-0.0030000000 -0.0050000000 0.00000000535578641598 3
-0.0030000000 -0.0030000000 0.00033228693224023948 3
-0.0030000000 -0.0010000000 0.01454789079559156047 3
-0.0030000000 0.0010000000 0.01454789079559156047 3
-0.0030000000 0.0030000000 0.00033228693224023948 3
-0.0030000000 0.0050000000 0.00000000535578641598 3
-0.0030000000 0.0070000000 0.00000000014121484616 3
-0.0010000000 -0.0070000000 0.00000000023330464985 3
-0.0010000000 -0.0050000000 0.00000188999183595185 3
-0.0010000000 -0.0030000000 0.01262053638072217938 3
-0.0010000000 -0.0010000000 0.90911250228526740980 3
-0.0010000000 0.0010000000 0.90911250228526740980 3
-0.0010000000 0.0030000000 0.01262053638072217938 3
-0.0010000000 0.0050000000 0.00000188999183595185 3
-0.0010000000 0.0070000000 0.00000000023330464985 3
0.0010000000 -0.0070000000 0.00000000023330465040 3
0.0010000000 -0.0050000000 0.00000188999050607602 3
0.0010000000 -0.0030000000 0.01262053749778102064 3
0.0010000000 -0.0010000000 0.90911280885152556674 3
0.0010000000 0.0010000000 0.90911280885152556674 3
0.0010000000 0.0030000000 0.01262053749778102064 3
0.0010000000 0.0050000000 0.00000188999050607602 3
0.0010000000 0.0070000000 0.00000000023330465040 3
0.0030000000 -0.0070000000 0.00000000014121483962 3
0.0030000000 -0.0050000000 0.00000000535579417137 3
0.0030000000 -0.0030000000 0.00033228703148627779 3
0.0030000000 -0.0010000000 0.01454788041993478054 3
0.0030000000 0.0010000000 0.01454788041993478054 3
0.0030000000 0.0030000000 0.00033228703148627779 3
0.0030000000 0.0050000000 0.00000000535579417137 3
0.0030000000 0.0070000000 0.00000000014121483962 3
0.0050000000 -0.0070000000 0.00000000000031029137 3
0.0050000000 -0.0050000000 0.00000000459754772161 3
0.0050000000 -0.0030000000 0.00000262423317932063 3
0.0050000000 -0.0010000000 0.00001308595241818400 3
0.0050000000 0.0010000000 0.00001308595241818400 3
0.0050000000 0.0030000000 0.00000262423317932063 3
0.0050000000 0.0050000000 0.00000000459754772161 3
0.0050000000 0.0070000000 0.00000000000031029137 3
0.0070000000 -0.0070000000 0.00000000000001262500 3
0.0070000000 -0.0050000000 0.00000000004614940893 3
0.0070000000 -0.0030000000 0.00000000765184289505 3
0.0070000000 -0.0010000000 0.00000000531412190873 3
0.0070000000 0.0010000000 0.00000000531412190873 3
0.0070000000 0.0030000000 0.00000000765184289505 3
0.0070000000 0.0050000000 0.00000000004614940893 3
0.0070000000 0.0070000000 0.00000000000001262500 3
