-0.0484375000 -0.0484375000 -0.00000000000000000001 5
-0.0484375000 -0.0453125000 -0.00000000000000000001 5
-0.0484375000 -0.0421875000 -0.00000000000000000001 5
-0.0484375000 -0.0390625000 -0.00000000000000000001 5
-0.0484375000 -0.0359375000 -0.00000000000000000001 5
-0.0484375000 -0.0328125000 -0.00000000000000000001 5
-0.0484375000 -0.0296875000 -0.00000000000000000001 5
-0.0484375000 -0.0265625000 -0.00000000000000000001 5
-0.0484375000 -0.0234375000 -0.00000000000000000001 5
-0.0484375000 -0.0203125000 -0.00000000000000000001 5
-0.0484375000 -0.0171875000 -0.00000000000000000001 5
-0.0484375000 -0.0140625000 -0.00000000000000000001 5
-0.0484375000 -0.0109375000 -0.00000000000000000001 5
-0.0484375000 -0.0078125000 -0.00000000000000000001 5
-0.0484375000 -0.0046875000 -0.00000000000000000000 5
-0.0484375000 -0.0015625000 -0.00000000000000000000 5
-0.0484375000 0.0015625000 -0.00000000000000000000 5
-0.0484375000 0.0046875000 -0.00000000000000000000 5
-0.0484375000 0.0078125000 -0.00000000000000000001 5
-0.0484375000 0.0109375000 -0.00000000000000000001 5
-0.0484375000 0.0140625000 -0.00000000000000000001 5
-0.0484375000 0.0171875000 -0.00000000000000000001 5
-0.0484375000 0.0203125000 -0.00000000000000000001 5
-0.0484375000 0.0234375000 -0.00000000000000000001 5
-0.0484375000 0.0265625000 -0.00000000000000000001 5
-0.0484375000 0.0296875000 -0.00000000000000000001 5
-0.0484375000 0.0328125000 -0.00000000000000000001 5
-0.0484375000 0.0359375000 -0.00000000000000000001 5
-0.0484375000 0.0390625000 -0.00000000000000000001 5
-0.0484375000 0.0421875000 -0.00000000000000000001 5
-0.0484375000 0.0453125000 -0.00000000000000000001 5
-0.0484375000 0.0484375000 -0.00000000000000000001 5
-0.0453125000 -0.0484375000 -0.00000000000000000001 5
-0.0453125000 -0.0453125000 -0.00000000000000000001 5
-0.0453125000 -0.0421875000 -0.00000000000000000001 5
-0.0453125000 -0.0390625000 -0.00000000000000000001 5
-0.0453125000 -0.0359375000 -0.00000000000000000001 5
-0.0453125000 -0.0328125000 -0.00000000000000000001 5
-0.0453125000 -0.0296875000 -0.00000000000000000001 5
-0.0453125000 -0.0265625000 -0.00000000000000000001 5
-0.0453125000 -0.0234375000 -0.00000000000000000001 5
-0.0453125000 -0.0203125000 -0.00000000000000000001 5
-0.0453125000 -0.0171875000 -0.00000000000000000001 5
-0.0453125000 -0.0140625000 -0.00000000000000000001 5
-0.0453125000 -0.0109375000 -0.00000000000000000001 5
-0.0453125000 -0.0078125000 -0.00000000000000000001 5
-0.0453125000 -0.0046875000 -0.00000000000000000000 5
-0.0453125000 -0.0015625000 -0.00000000000000000000 5
-0.0453125000 0.0015625000 -0.00000000000000000000 5
-0.0453125000 0.0046875000 -0.00000000000000000000 5
-0.0453125000 0.0078125000 -0.00000000000000000001 5
-0.0453125000 0.0109375000 -0.00000000000000000001 5
-0.0453125000 0.0140625000 -0.00000000000000000001 5
-0.0453125000 0.0171875000 -0.00000000000000000001 5
-0.0453125000 0.0203125000 -0.00000000000000000001 5
-0.0453125000 0.0234375000 -0.00000000000000000001 5
-0.0453125000 0.0265625000 -0.00000000000000000001 5
-0.0453125000 0.0296875000 -0.00000000000000000001 5
-0.0453125000 0.0328125000 -0.00000000000000000001 5
-0.0453125000 0.0359375000 -0.00000000000000000001 5
-0.0453125000 0.0390625000 -0.00000000000000000001 5
-0.0453125000 0.0421875000 -0.00000000000000000001 5
-0.0453125000 0.0453125000 -0.00000000000000000001 5
-0.0453125000 0.0484375000 -0.00000000000000000001 5
-0.0421875000 -0.0484375000 -0.00000000000000000001 5
-0.0421875000 -0.0453125000 -0.00000000000000000001 5
-0.0421875000 -0.0421875000 -0.00000000000000000001 5
-0.0421875000 -0.0390625000 -0.00000000000000000001 5
-0.0421875000 -0.0359375000 -0.00000000000000000001 5
-0.0421875000 -0.0328125000 -0.00000000000000000001 5
-0.0421875000 -0.0296875000 -0.00000000000000000001 5
-0.0421875000 -0.0265625000 -0.00000000000000000001 5
-0.0421875000 -0.0234375000 -0.00000000000000000002 5
-0.0421875000 -0.0203125000 -0.00000000000000000001 5
-0.0421875000 -0.0171875000 -0.00000000000000000001 5
-0.0421875000 -0.0140625000 -0.00000000000000000001 5
-0.0421875000 -0.0109375000 -0.00000000000000000001 5
-0.0421875000 -0.0078125000 -0.00000000000000000001 5
-0.0421875000 -0.0046875000 -0.00000000000000000001 5
-0.0421875000 -0.0015625000 -0.00000000000000000000 5
-0.0421875000 0.0015625000 -0.00000000000000000000 5
-0.0421875000 0.0046875000 -0.00000000000000000001 5
-0.0421875000 0.0078125000 -0.00000000000000000001 5
-0.0421875000 0.0109375000 -0.00000000000000000001 5
-0.0421875000 0.0140625000 -0.00000000000000000001 5
-0.0421875000 0.0171875000 -0.00000000000000000001 5
-0.0421875000 0.0203125000 -0.00000000000000000001 5
-0.0421875000 0.0234375000 -0.00000000000000000002 5
-0.0421875000 0.0265625000 -0.00000000000000000001 5
-0.0421875000 0.0296875000 -0.00000000000000000001 5
-0.0421875000 0.0328125000 -0.00000000000000000001 5
-0.0421875000 0.0359375000 -0.00000000000000000001 5
-0.0421875000 0.0390625000 -0.00000000000000000001 5
-0.0421875000 0.0421875000 -0.00000000000000000001 5
-0.0421875000 0.0453125000 -0.00000000000000000001 5
-0.0421875000 0.0484375000 -0.00000000000000000001 5
-0.0390625000 -0.0484375000 -0.00000000000000000001 5
-0.0390625000 -0.0453125000 -0.00000000000000000001 5
-0.0390625000 -0.0421875000 -0.00000000000000000001 5
-0.0390625000 -0.0390625000 -0.00000000000000000001 5
-0.0390625000 -0.0359375000 -0.00000000000000000002 5
-0.0390625000 -0.0328125000 -0.00000000000000000002 5
-0.0390625000 -0.0296875000 -0.00000000000000000002 5
-0.0390625000 -0.0265625000 -0.00000000000000000002 5
-0.0390625000 -0.0234375000 -0.00000000000000000002 5
-0.0390625000 -0.0203125000 -0.00000000000000000002 5
-0.0390625000 -0.0171875000 -0.00000000000000000002 5
-0.0390625000 -0.0140625000 -0.00000000000000000002 5
-0.0390625000 -0.0109375000 -0.00000000000000000002 5
-0.0390625000 -0.0078125000 -0.00000000000000000001 5
-0.0390625000 -0.0046875000 -0.00000000000000000001 5
-0.0390625000 -0.0015625000 -0.00000000000000000000 5
-0.0390625000 0.0015625000 -0.00000000000000000000 5
-0.0390625000 0.0046875000 -0.00000000000000000001 5
-0.0390625000 0.0078125000 -0.00000000000000000001 5
-0.0390625000 0.0109375000 -0.00000000000000000002 5
-0.0390625000 0.0140625000 -0.00000000000000000002 5
-0.0390625000 0.0171875000 -0.00000000000000000002 5
-0.0390625000 0.0203125000 -0.00000000000000000002 5
-0.0390625000 0.0234375000 -0.00000000000000000002 5
-0.0390625000 0.0265625000 -0.00000000000000000002 5
-0.0390625000 0.0296875000 -0.00000000000000000002 5
-0.0390625000 0.0328125000 -0.00000000000000000002 5
-0.0390625000 0.0359375000 -0.00000000000000000002 5
-0.0390625000 0.0390625000 -0.00000000000000000001 5
-0.0390625000 0.0421875000 -0.00000000000000000001 5
-0.0390625000 0.0453125000 -0.00000000000000000001 5
-0.0390625000 0.0484375000 -0.00000000000000000001 5
-0.0359375000 -0.0484375000 -0.00000000000000000001 5
-0.0359375000 -0.0453125000 -0.00000000000000000001 5
-0.0359375000 -0.0421875000 -0.00000000000000000002 5
-0.0359375000 -0.0390625000 -0.00000000000000000002 5
-0.0359375000 -0.0359375000 -0.00000000000000000002 5
-0.0359375000 -0.0328125000 -0.00000000000000000002 5
-0.0359375000 -0.0296875000 -0.00000000000000000002 5
-0.0359375000 -0.0265625000 -0.00000000000000000002 5
-0.0359375000 -0.0234375000 -0.00000000000000000002 5
-0.0359375000 -0.0203125000 -0.00000000000000000002 5
-0.0359375000 -0.0171875000 -0.00000000000000000002 5
-0.0359375000 -0.0140625000 -0.00000000000000000002 5
-0.0359375000 -0.0109375000 -0.00000000000000000002 5
-0.0359375000 -0.0078125000 -0.00000000000000000001 5
-0.0359375000 -0.0046875000 -0.00000000000000000001 5
-0.0359375000 -0.0015625000 -0.00000000000000000000 5
-0.0359375000 0.0015625000 -0.00000000000000000000 5
-0.0359375000 0.0046875000 -0.00000000000000000001 5
-0.0359375000 0.0078125000 -0.00000000000000000001 5
-0.0359375000 0.0109375000 -0.00000000000000000002 5
-0.0359375000 0.0140625000 -0.00000000000000000002 5
-0.0359375000 0.0171875000 -0.00000000000000000002 5
-0.0359375000 0.0203125000 -0.00000000000000000002 5
-0.0359375000 0.0234375000 -0.00000000000000000002 5
-0.0359375000 0.0265625000 -0.00000000000000000002 5
-0.0359375000 0.0296875000 -0.00000000000000000002 5
-0.0359375000 0.0328125000 -0.00000000000000000002 5
-0.0359375000 0.0359375000 -0.00000000000000000002 5
-0.0359375000 0.0390625000 -0.00000000000000000002 5
-0.0359375000 0.0421875000 -0.00000000000000000002 5
-0.0359375000 0.0453125000 -0.00000000000000000001 5
-0.0359375000 0.0484375000 -0.00000000000000000001 5
-0.0328125000 -0.0484375000 -0.00000000000000000002 5
-0.0328125000 -0.0453125000 -0.00000000000000000002 5
-0.0328125000 -0.0421875000 -0.00000000000000000002 5
-0.0328125000 -0.0390625000 -0.00000000000000000002 5
-0.0328125000 -0.0359375000 -0.00000000000000000002 5
-0.0328125000 -0.0328125000 -0.00000000000000000002 5
-0.0328125000 -0.0296875000 -0.00000000000000000003 5
-0.0328125000 -0.0265625000 -0.00000000000000000003 5
-0.0328125000 -0.0234375000 -0.00000000000000000003 5
-0.0328125000 -0.0203125000 -0.00000000000000000003 5
-0.0328125000 -0.0171875000 -0.00000000000000000003 5
-0.0328125000 -0.0140625000 -0.00000000000000000003 5
-0.0328125000 -0.0109375000 -0.00000000000000000003 5
-0.0328125000 -0.0078125000 -0.00000000000000000002 5
-0.0328125000 -0.0046875000 -0.00000000000000000002 5
-0.0328125000 -0.0015625000 -0.00000000000000000001 5
-0.0328125000 0.0015625000 -0.00000000000000000001 5
-0.0328125000 0.0046875000 -0.00000000000000000002 5
-0.0328125000 0.0078125000 -0.00000000000000000002 5
-0.0328125000 0.0109375000 -0.00000000000000000003 5
-0.0328125000 0.0140625000 -0.00000000000000000003 5
-0.0328125000 0.0171875000 -0.00000000000000000003 5
-0.0328125000 0.0203125000 -0.00000000000000000003 5
-0.0328125000 0.0234375000 -0.00000000000000000003 5
-0.0328125000 0.0265625000 -0.00000000000000000003 5
-0.0328125000 0.0296875000 -0.00000000000000000003 5
-0.0328125000 0.0328125000 -0.00000000000000000002 5
-0.0328125000 0.0359375000 -0.00000000000000000002 5
-0.0328125000 0.0390625000 -0.00000000000000000002 5
-0.0328125000 0.0421875000 -0.00000000000000000002 5
-0.0328125000 0.0453125000 -0.00000000000000000002 5
-0.0328125000 0.0484375000 -0.00000000000000000002 5
-0.0296875000 -0.0484375000 -0.00000000000000000002 5
-0.0296875000 -0.0453125000 -0.00000000000000000002 5
-0.0296875000 -0.0421875000 -0.00000000000000000002 5
-0.0296875000 -0.0390625000 -0.00000000000000000002 5
-0.0296875000 -0.0359375000 -0.00000000000000000002 5
-0.0296875000 -0.0328125000 -0.00000000000000000003 5
-0.0296875000 -0.0296875000 -0.00000000000000000003 5
-0.0296875000 -0.0265625000 -0.00000000000000000003 5
-0.0296875000 -0.0234375000 -0.00000000000000000003 5
-0.0296875000 -0.0203125000 -0.00000000000000000004 5
-0.0296875000 -0.0171875000 -0.00000000000000000004 5
-0.0296875000 -0.0140625000 -0.00000000000000000003 5
-0.0296875000 -0.0109375000 -0.00000000000000000003 5
-0.0296875000 -0.0078125000 -0.00000000000000000003 5
-0.0296875000 -0.0046875000 -0.00000000000000000002 5
-0.0296875000 -0.0015625000 -0.00000000000000000001 5
-0.0296875000 0.0015625000 -0.00000000000000000001 5
-0.0296875000 0.0046875000 -0.00000000000000000002 5
-0.0296875000 0.0078125000 -0.00000000000000000003 5
-0.0296875000 0.0109375000 -0.00000000000000000003 5
-0.0296875000 0.0140625000 -0.00000000000000000003 5
-0.0296875000 0.0171875000 -0.00000000000000000004 5
-0.0296875000 0.0203125000 -0.00000000000000000004 5
-0.0296875000 0.0234375000 -0.00000000000000000003 5
-0.0296875000 0.0265625000 -0.00000000000000000003 5
-0.0296875000 0.0296875000 -0.00000000000000000003 5
-0.0296875000 0.0328125000 -0.00000000000000000003 5
-0.0296875000 0.0359375000 -0.00000000000000000002 5
-0.0296875000 0.0390625000 -0.00000000000000000002 5
-0.0296875000 0.0421875000 -0.00000000000000000002 5
-0.0296875000 0.0453125000 -0.00000000000000000002 5
-0.0296875000 0.0484375000 -0.00000000000000000002 5
-0.0265625000 -0.0484375000 -0.00000000000000000002 5
-0.0265625000 -0.0453125000 -0.00000000000000000002 5
-0.0265625000 -0.0421875000 -0.00000000000000000002 5
-0.0265625000 -0.0390625000 -0.00000000000000000002 5
-0.0265625000 -0.0359375000 -0.00000000000000000003 5
-0.0265625000 -0.0328125000 -0.00000000000000000003 5
-0.0265625000 -0.0296875000 -0.00000000000000000004 5
-0.0265625000 -0.0265625000 -0.00000000000000000004 5
-0.0265625000 -0.0234375000 -0.00000000000000000004 5
-0.0265625000 -0.0203125000 -0.00000000000000000005 5
-0.0265625000 -0.0171875000 -0.00000000000000000005 5
-0.0265625000 -0.0140625000 -0.00000000000000000005 5
-0.0265625000 -0.0109375000 -0.00000000000000000005 5
-0.0265625000 -0.0078125000 -0.00000000000000000004 5
-0.0265625000 -0.0046875000 -0.00000000000000000003 5
-0.0265625000 -0.0015625000 -0.00000000000000000001 5
-0.0265625000 0.0015625000 -0.00000000000000000001 5
-0.0265625000 0.0046875000 -0.00000000000000000003 5
-0.0265625000 0.0078125000 -0.00000000000000000004 5
-0.0265625000 0.0109375000 -0.00000000000000000005 5
-0.0265625000 0.0140625000 -0.00000000000000000005 5
-0.0265625000 0.0171875000 -0.00000000000000000005 5
-0.0265625000 0.0203125000 -0.00000000000000000005 5
-0.0265625000 0.0234375000 -0.00000000000000000004 5
-0.0265625000 0.0265625000 -0.00000000000000000004 5
-0.0265625000 0.0296875000 -0.00000000000000000004 5
-0.0265625000 0.0328125000 -0.00000000000000000003 5
-0.0265625000 0.0359375000 -0.00000000000000000003 5
-0.0265625000 0.0390625000 -0.00000000000000000002 5
-0.0265625000 0.0421875000 -0.00000000000000000002 5
-0.0265625000 0.0453125000 -0.00000000000000000002 5
-0.0265625000 0.0484375000 -0.00000000000000000002 5
-0.0234375000 -0.0484375000 -0.00000000000000000002 5
-0.0234375000 -0.0453125000 -0.00000000000000000002 5
-0.0234375000 -0.0421875000 -0.00000000000000000002 5
-0.0234375000 -0.0390625000 -0.00000000000000000003 5
-0.0234375000 -0.0359375000 -0.00000000000000000003 5
-0.0234375000 -0.0328125000 -0.00000000000000000004 5
-0.0234375000 -0.0296875000 -0.00000000000000000004 5
-0.0234375000 -0.0265625000 -0.00000000000000000005 5
-0.0234375000 -0.0234375000 -0.00000000000000000005 5
-0.0234375000 -0.0203125000 -0.00000000000000000006 5
-0.0234375000 -0.0171875000 -0.00000000000000000007 5
-0.0234375000 -0.0140625000 -0.00000000000000000007 5
-0.0234375000 -0.0109375000 -0.00000000000000000007 5
-0.0234375000 -0.0078125000 -0.00000000000000000006 5
-0.0234375000 -0.0046875000 -0.00000000000000000004 5
-0.0234375000 -0.0015625000 -0.00000000000000000002 5
-0.0234375000 0.0015625000 -0.00000000000000000002 5
-0.0234375000 0.0046875000 -0.00000000000000000004 5
-0.0234375000 0.0078125000 -0.00000000000000000006 5
-0.0234375000 0.0109375000 -0.00000000000000000007 5
-0.0234375000 0.0140625000 -0.00000000000000000007 5
-0.0234375000 0.0171875000 -0.00000000000000000007 5
-0.0234375000 0.0203125000 -0.00000000000000000006 5
-0.0234375000 0.0234375000 -0.00000000000000000005 5
-0.0234375000 0.0265625000 -0.00000000000000000005 5
-0.0234375000 0.0296875000 -0.00000000000000000004 5
-0.0234375000 0.0328125000 -0.00000000000000000004 5
-0.0234375000 0.0359375000 -0.00000000000000000003 5
-0.0234375000 0.0390625000 -0.00000000000000000003 5
-0.0234375000 0.0421875000 -0.00000000000000000002 5
-0.0234375000 0.0453125000 -0.00000000000000000002 5
-0.0234375000 0.0484375000 -0.00000000000000000002 5
-0.0203125000 -0.0484375000 -0.00000000000000000002 5
-0.0203125000 -0.0453125000 -0.00000000000000000002 5
-0.0203125000 -0.0421875000 -0.00000000000000000003 5
-0.0203125000 -0.0390625000 -0.00000000000000000003 5
-0.0203125000 -0.0359375000 -0.00000000000000000004 5
-0.0203125000 -0.0328125000 -0.00000000000000000004 5
-0.0203125000 -0.0296875000 -0.00000000000000000005 5
-0.0203125000 -0.0265625000 -0.00000000000000000006 5
-0.0203125000 -0.0234375000 -0.00000000000000000006 5
-0.0203125000 -0.0203125000 -0.00000000000000000008 5
-0.0203125000 -0.0171875000 -0.00000000000000000009 5
-0.0203125000 -0.0140625000 -0.00000000000000000010 5
-0.0203125000 -0.0109375000 -0.00000000000000000009 5
-0.0203125000 -0.0078125000 -0.00000000000000000009 5
-0.0203125000 -0.0046875000 -0.00000000000000000007 5
-0.0203125000 -0.0015625000 -0.00000000000000000003 5
-0.0203125000 0.0015625000 -0.00000000000000000003 5
-0.0203125000 0.0046875000 -0.00000000000000000007 5
-0.0203125000 0.0078125000 -0.00000000000000000009 5
-0.0203125000 0.0109375000 -0.00000000000000000009 5
-0.0203125000 0.0140625000 -0.00000000000000000010 5
-0.0203125000 0.0171875000 -0.00000000000000000009 5
-0.0203125000 0.0203125000 -0.00000000000000000008 5
-0.0203125000 0.0234375000 -0.00000000000000000006 5
-0.0203125000 0.0265625000 -0.00000000000000000006 5
-0.0203125000 0.0296875000 -0.00000000000000000005 5
-0.0203125000 0.0328125000 -0.00000000000000000004 5
-0.0203125000 0.0359375000 -0.00000000000000000004 5
-0.0203125000 0.0390625000 -0.00000000000000000003 5
-0.0203125000 0.0421875000 -0.00000000000000000003 5
-0.0203125000 0.0453125000 -0.00000000000000000002 5
-0.0203125000 0.0484375000 -0.00000000000000000002 5
-0.0171875000 -0.0484375000 -0.00000000000000000002 5
-0.0171875000 -0.0453125000 -0.00000000000000000003 5
-0.0171875000 -0.0421875000 -0.00000000000000000003 5
-0.0171875000 -0.0390625000 -0.00000000000000000003 5
-0.0171875000 -0.0359375000 -0.00000000000000000004 5
-0.0171875000 -0.0328125000 -0.00000000000000000005 5
-0.0171875000 -0.0296875000 -0.00000000000000000006 5
-0.0171875000 -0.0265625000 -0.00000000000000000007 5
-0.0171875000 -0.0234375000 -0.00000000000000000008 5
-0.0171875000 -0.0203125000 -0.00000000000000000011 5
-0.0171875000 -0.0171875000 -0.00000000000000000012 5
-0.0171875000 -0.0140625000 -0.00000000000000000014 5
-0.0171875000 -0.0109375000 -0.00000000000000000015 5
-0.0171875000 -0.0078125000 -0.00000000000000000015 5
-0.0171875000 -0.0046875000 -0.00000000000000000011 5
-0.0171875000 -0.0015625000 -0.00000000000000000005 5
-0.0171875000 0.0015625000 -0.00000000000000000005 5
-0.0171875000 0.0046875000 -0.00000000000000000011 5
-0.0171875000 0.0078125000 -0.00000000000000000015 5
-0.0171875000 0.0109375000 -0.00000000000000000015 5
-0.0171875000 0.0140625000 -0.00000000000000000014 5
-0.0171875000 0.0171875000 -0.00000000000000000012 5
-0.0171875000 0.0203125000 -0.00000000000000000011 5
-0.0171875000 0.0234375000 -0.00000000000000000008 5
-0.0171875000 0.0265625000 -0.00000000000000000007 5
-0.0171875000 0.0296875000 -0.00000000000000000006 5
-0.0171875000 0.0328125000 -0.00000000000000000005 5
-0.0171875000 0.0359375000 -0.00000000000000000004 5
-0.0171875000 0.0390625000 -0.00000000000000000003 5
-0.0171875000 0.0421875000 -0.00000000000000000003 5
-0.0171875000 0.0453125000 -0.00000000000000000003 5
-0.0171875000 0.0484375000 -0.00000000000000000002 5
-0.0140625000 -0.0484375000 -0.00000000000000000002 5
-0.0140625000 -0.0453125000 -0.00000000000000000003 5
-0.0140625000 -0.0421875000 -0.00000000000000000003 5
-0.0140625000 -0.0390625000 -0.00000000000000000004 5
-0.0140625000 -0.0359375000 -0.00000000000000000005 5
-0.0140625000 -0.0328125000 -0.00000000000000000005 5
-0.0140625000 -0.0296875000 -0.00000000000000000007 5
-0.0140625000 -0.0265625000 -0.00000000000000000009 5
-0.0140625000 -0.0234375000 -0.00000000000000000011 5
-0.0140625000 -0.0203125000 -0.00000000000000000012 5
-0.0140625000 -0.0171875000 -0.00000000000000000016 5
-0.0140625000 -0.0140625000 -0.00000000000000000019 5
-0.0140625000 -0.0109375000 -0.00000000000000000022 5
-0.0140625000 -0.0078125000 -0.00000000000000000026 5
-0.0140625000 -0.0046875000 -0.00000000000000000022 5
-0.0140625000 -0.0015625000 -0.00000000000000000009 5
-0.0140625000 0.0015625000 -0.00000000000000000009 5
-0.0140625000 0.0046875000 -0.00000000000000000022 5
-0.0140625000 0.0078125000 -0.00000000000000000026 5
-0.0140625000 0.0109375000 -0.00000000000000000022 5
-0.0140625000 0.0140625000 -0.00000000000000000019 5
-0.0140625000 0.0171875000 -0.00000000000000000016 5
-0.0140625000 0.0203125000 -0.00000000000000000012 5
-0.0140625000 0.0234375000 -0.00000000000000000011 5
-0.0140625000 0.0265625000 -0.00000000000000000009 5
-0.0140625000 0.0296875000 -0.00000000000000000007 5
-0.0140625000 0.0328125000 -0.00000000000000000005 5
-0.0140625000 0.0359375000 -0.00000000000000000005 5
-0.0140625000 0.0390625000 -0.00000000000000000004 5
-0.0140625000 0.0421875000 -0.00000000000000000003 5
-0.0140625000 0.0453125000 -0.00000000000000000003 5
-0.0140625000 0.0484375000 -0.00000000000000000002 5
-0.0109375000 -0.0484375000 -0.00000000000000000003 5
-0.0109375000 -0.0453125000 -0.00000000000000000003 5
-0.0109375000 -0.0421875000 -0.00000000000000000003 5
-0.0109375000 -0.0390625000 -0.00000000000000000004 5
-0.0109375000 -0.0359375000 -0.00000000000000000005 5
-0.0109375000 -0.0328125000 -0.00000000000000000006 5
-0.0109375000 -0.0296875000 -0.00000000000000000007 5
-0.0109375000 -0.0265625000 -0.00000000000000000010 5
-0.0109375000 -0.0234375000 -0.00000000000000000013 5
-0.0109375000 -0.0203125000 -0.00000000000000000017 5
-0.0109375000 -0.0171875000 -0.00000000000000000022 5
-0.0109375000 -0.0140625000 -0.00000000000000000028 5
-0.0109375000 -0.0109375000 -0.00000000000000000040 5
-0.0109375000 -0.0078125000 -0.00000000000000000043 5
-0.0109375000 -0.0046875000 0.00000000000000017453 5
-0.0109375000 -0.0015625000 0.00000000000000515892 5
-0.0109375000 0.0015625000 0.00000000000000515892 5
-0.0109375000 0.0046875000 0.00000000000000017453 5
-0.0109375000 0.0078125000 -0.00000000000000000043 5
-0.0109375000 0.0109375000 -0.00000000000000000040 5
-0.0109375000 0.0140625000 -0.00000000000000000028 5
-0.0109375000 0.0171875000 -0.00000000000000000022 5
-0.0109375000 0.0203125000 -0.00000000000000000017 5
-0.0109375000 0.0234375000 -0.00000000000000000013 5
-0.0109375000 0.0265625000 -0.00000000000000000010 5
-0.0109375000 0.0296875000 -0.00000000000000000007 5
-0.0109375000 0.0328125000 -0.00000000000000000006 5
-0.0109375000 0.0359375000 -0.00000000000000000005 5
-0.0109375000 0.0390625000 -0.00000000000000000004 5
-0.0109375000 0.0421875000 -0.00000000000000000003 5
-0.0109375000 0.0453125000 -0.00000000000000000003 5
-0.0109375000 0.0484375000 -0.00000000000000000003 5
-0.0078125000 -0.0484375000 -0.00000000000000000003 5
-0.0078125000 -0.0453125000 -0.00000000000000000003 5
-0.0078125000 -0.0421875000 -0.00000000000000000003 5
-0.0078125000 -0.0390625000 -0.00000000000000000004 5
-0.0078125000 -0.0359375000 -0.00000000000000000006 5
-0.0078125000 -0.0328125000 -0.00000000000000000007 5
-0.0078125000 -0.0296875000 -0.00000000000000000008 5
-0.0078125000 -0.0265625000 -0.00000000000000000011 5
-0.0078125000 -0.0234375000 -0.00000000000000000014 5
-0.0078125000 -0.0203125000 -0.00000000000000000020 5
-0.0078125000 -0.0171875000 -0.00000000000000000026 5
-0.0078125000 -0.0140625000 -0.00000000000000000038 5
-0.0078125000 -0.0109375000 -0.00000000000000000056 5
-0.0078125000 -0.0078125000 0.00000000000000000129 5
-0.0078125000 -0.0046875000 0.00000000001116887324 5
-0.0078125000 -0.0015625000 0.00000000144381697262 5
-0.0078125000 0.0015625000 0.00000000144381697262 5
-0.0078125000 0.0046875000 0.00000000001116887324 5
-0.0078125000 0.0078125000 0.00000000000000000129 5
-0.0078125000 0.0109375000 -0.00000000000000000056 5
-0.0078125000 0.0140625000 -0.00000000000000000038 5
-0.0078125000 0.0171875000 -0.00000000000000000026 5
-0.0078125000 0.0203125000 -0.00000000000000000020 5
-0.0078125000 0.0234375000 -0.00000000000000000014 5
-0.0078125000 0.0265625000 -0.00000000000000000011 5
-0.0078125000 0.0296875000 -0.00000000000000000008 5
-0.0078125000 0.0328125000 -0.00000000000000000007 5
-0.0078125000 0.0359375000 -0.00000000000000000006 5
-0.0078125000 0.0390625000 -0.00000000000000000004 5
-0.0078125000 0.0421875000 -0.00000000000000000003 5
-0.0078125000 0.0453125000 -0.00000000000000000003 5
-0.0078125000 0.0484375000 -0.00000000000000000003 5
-0.0046875000 -0.0484375000 -0.00000000000000000003 5
-0.0046875000 -0.0453125000 -0.00000000000000000003 5
-0.0046875000 -0.0421875000 -0.00000000000000000004 5
-0.0046875000 -0.0390625000 -0.00000000000000000005 5
-0.0046875000 -0.0359375000 -0.00000000000000000006 5
-0.0046875000 -0.0328125000 -0.00000000000000000008 5
-0.0046875000 -0.0296875000 -0.00000000000000000009 5
-0.0046875000 -0.0265625000 -0.00000000000000000012 5
-0.0046875000 -0.0234375000 -0.00000000000000000016 5
-0.0046875000 -0.0203125000 -0.00000000000000000023 5
-0.0046875000 -0.0171875000 -0.00000000000000000034 5
-0.0046875000 -0.0140625000 -0.00000000000000000049 5
-0.0046875000 -0.0109375000 -0.00000000000000000080 5
-0.0046875000 -0.0078125000 0.00000000000023356148 5
-0.0046875000 -0.0046875000 0.00000009726324908283 5
-0.0046875000 -0.0015625000 0.00007368762644352802 5
-0.0046875000 0.0015625000 0.00007368762644352802 5
-0.0046875000 0.0046875000 0.00000009726324908283 5
-0.0046875000 0.0078125000 0.00000000000023356148 5
-0.0046875000 0.0109375000 -0.00000000000000000080 5
-0.0046875000 0.0140625000 -0.00000000000000000049 5
-0.0046875000 0.0171875000 -0.00000000000000000034 5
-0.0046875000 0.0203125000 -0.00000000000000000023 5
-0.0046875000 0.0234375000 -0.00000000000000000016 5
-0.0046875000 0.0265625000 -0.00000000000000000012 5
-0.0046875000 0.0296875000 -0.00000000000000000009 5
-0.0046875000 0.0328125000 -0.00000000000000000008 5
-0.0046875000 0.0359375000 -0.00000000000000000006 5
-0.0046875000 0.0390625000 -0.00000000000000000005 5
-0.0046875000 0.0421875000 -0.00000000000000000004 5
-0.0046875000 0.0453125000 -0.00000000000000000003 5
-0.0046875000 0.0484375000 -0.00000000000000000003 5
-0.0015625000 -0.0484375000 -0.00000000000000000003 5
-0.0015625000 -0.0453125000 -0.00000000000000000003 5
-0.0015625000 -0.0421875000 -0.00000000000000000004 5
-0.0015625000 -0.0390625000 -0.00000000000000000005 5
-0.0015625000 -0.0359375000 -0.00000000000000000006 5
-0.0015625000 -0.0328125000 -0.00000000000000000007 5
-0.0015625000 -0.0296875000 -0.00000000000000000009 5
-0.0015625000 -0.0265625000 -0.00000000000000000012 5
-0.0015625000 -0.0234375000 -0.00000000000000000018 5
-0.0015625000 -0.0203125000 -0.00000000000000000024 5
-0.0015625000 -0.0171875000 -0.00000000000000000035 5
-0.0015625000 -0.0140625000 -0.00000000000000000055 5
-0.0015625000 -0.0109375000 -0.00000000000000000087 5
-0.0015625000 -0.0078125000 0.00000000000004058430 5
-0.0015625000 -0.0046875000 0.00000011323761388947 5
-0.0015625000 -0.0015625000 0.00238031228489651902 5
-0.0015625000 0.0015625000 0.00238031228489651902 5
-0.0015625000 0.0046875000 0.00000011323761388947 5
-0.0015625000 0.0078125000 0.00000000000004058430 5
-0.0015625000 0.0109375000 -0.00000000000000000087 5
-0.0015625000 0.0140625000 -0.00000000000000000055 5
-0.0015625000 0.0171875000 -0.00000000000000000035 5
-0.0015625000 0.0203125000 -0.00000000000000000024 5
-0.0015625000 0.0234375000 -0.00000000000000000018 5
-0.0015625000 0.0265625000 -0.00000000000000000012 5
-0.0015625000 0.0296875000 -0.00000000000000000009 5
-0.0015625000 0.0328125000 -0.00000000000000000007 5
-0.0015625000 0.0359375000 -0.00000000000000000006 5
-0.0015625000 0.0390625000 -0.00000000000000000005 5
-0.0015625000 0.0421875000 -0.00000000000000000004 5
-0.0015625000 0.0453125000 -0.00000000000000000003 5
-0.0015625000 0.0484375000 -0.00000000000000000003 5
0.0015625000 -0.0484375000 -0.00000000000000000003 5
0.0015625000 -0.0453125000 -0.00000000000000000003 5
0.0015625000 -0.0421875000 -0.00000000000000000004 5
0.0015625000 -0.0390625000 -0.00000000000000000005 5
0.0015625000 -0.0359375000 -0.00000000000000000006 5
0.0015625000 -0.0328125000 -0.00000000000000000008 5
0.0015625000 -0.0296875000 -0.00000000000000000010 5
0.0015625000 -0.0265625000 -0.00000000000000000013 5
0.0015625000 -0.0234375000 -0.00000000000000000018 5
0.0015625000 -0.0203125000 -0.00000000000000000024 5
0.0015625000 -0.0171875000 -0.00000000000000000035 5
0.0015625000 -0.0140625000 -0.00000000000000000058 5
0.0015625000 -0.0109375000 -0.00000000000000000076 5
0.0015625000 -0.0078125000 0.00000000000004058370 5
0.0015625000 -0.0046875000 0.00000011323711277618 5
0.0015625000 -0.0015625000 0.00238031500855303505 5
0.0015625000 0.0015625000 0.00238031500855303505 5
0.0015625000 0.0046875000 0.00000011323711277618 5
0.0015625000 0.0078125000 0.00000000000004058370 5
0.0015625000 0.0109375000 -0.00000000000000000076 5
0.0015625000 0.0140625000 -0.00000000000000000058 5
0.0015625000 0.0171875000 -0.00000000000000000035 5
0.0015625000 0.0203125000 -0.00000000000000000024 5
0.0015625000 0.0234375000 -0.00000000000000000018 5
0.0015625000 0.0265625000 -0.00000000000000000013 5
0.0015625000 0.0296875000 -0.00000000000000000010 5
0.0015625000 0.0328125000 -0.00000000000000000008 5
0.0015625000 0.0359375000 -0.00000000000000000006 5
0.0015625000 0.0390625000 -0.00000000000000000005 5
0.0015625000 0.0421875000 -0.00000000000000000004 5
0.0015625000 0.0453125000 -0.00000000000000000003 5
0.0015625000 0.0484375000 -0.00000000000000000003 5
0.0046875000 -0.0484375000 -0.00000000000000000003 5
0.0046875000 -0.0453125000 -0.00000000000000000003 5
0.0046875000 -0.0421875000 -0.00000000000000000004 5
0.0046875000 -0.0390625000 -0.00000000000000000005 5
0.0046875000 -0.0359375000 -0.00000000000000000006 5
0.0046875000 -0.0328125000 -0.00000000000000000007 5
0.0046875000 -0.0296875000 -0.00000000000000000009 5
0.0046875000 -0.0265625000 -0.00000000000000000011 5
0.0046875000 -0.0234375000 -0.00000000000000000017 5
0.0046875000 -0.0203125000 -0.00000000000000000022 5
0.0046875000 -0.0171875000 -0.00000000000000000032 5
0.0046875000 -0.0140625000 -0.00000000000000000053 5
0.0046875000 -0.0109375000 -0.00000000000000000085 5
0.0046875000 -0.0078125000 0.00000000000023356141 5
0.0046875000 -0.0046875000 0.00000009726318672386 5
0.0046875000 -0.0015625000 0.00007368754794597974 5
0.0046875000 0.0015625000 0.00007368754794597974 5
0.0046875000 0.0046875000 0.00000009726318672386 5
0.0046875000 0.0078125000 0.00000000000023356141 5
0.0046875000 0.0109375000 -0.00000000000000000085 5
0.0046875000 0.0140625000 -0.00000000000000000053 5
0.0046875000 0.0171875000 -0.00000000000000000032 5
0.0046875000 0.0203125000 -0.00000000000000000022 5
0.0046875000 0.0234375000 -0.00000000000000000017 5
0.0046875000 0.0265625000 -0.00000000000000000011 5
0.0046875000 0.0296875000 -0.00000000000000000009 5
0.0046875000 0.0328125000 -0.00000000000000000007 5
0.0046875000 0.0359375000 -0.00000000000000000006 5
0.0046875000 0.0390625000 -0.00000000000000000005 5
0.0046875000 0.0421875000 -0.00000000000000000004 5
0.0046875000 0.0453125000 -0.00000000000000000003 5
0.0046875000 0.0484375000 -0.00000000000000000003 5
0.0078125000 -0.0484375000 -0.00000000000000000003 5
0.0078125000 -0.0453125000 -0.00000000000000000003 5
0.0078125000 -0.0421875000 -0.00000000000000000003 5
0.0078125000 -0.0390625000 -0.00000000000000000004 5
0.0078125000 -0.0359375000 -0.00000000000000000006 5
0.0078125000 -0.0328125000 -0.00000000000000000007 5
0.0078125000 -0.0296875000 -0.00000000000000000009 5
0.0078125000 -0.0265625000 -0.00000000000000000011 5
0.0078125000 -0.0234375000 -0.00000000000000000015 5
0.0078125000 -0.0203125000 -0.00000000000000000020 5
0.0078125000 -0.0171875000 -0.00000000000000000027 5
0.0078125000 -0.0140625000 -0.00000000000000000037 5
0.0078125000 -0.0109375000 -0.00000000000000000057 5
0.0078125000 -0.0078125000 0.00000000000000000128 5
0.0078125000 -0.0046875000 0.00000000001116886970 5
0.0078125000 -0.0015625000 0.00000000144381582674 5
0.0078125000 0.0015625000 0.00000000144381582674 5
0.0078125000 0.0046875000 0.00000000001116886970 5
0.0078125000 0.0078125000 0.00000000000000000128 5
0.0078125000 0.0109375000 -0.00000000000000000057 5
0.0078125000 0.0140625000 -0.00000000000000000037 5
0.0078125000 0.0171875000 -0.00000000000000000027 5
0.0078125000 0.0203125000 -0.00000000000000000020 5
0.0078125000 0.0234375000 -0.00000000000000000015 5
0.0078125000 0.0265625000 -0.00000000000000000011 5
0.0078125000 0.0296875000 -0.00000000000000000009 5
0.0078125000 0.0328125000 -0.00000000000000000007 5
0.0078125000 0.0359375000 -0.00000000000000000006 5
0.0078125000 0.0390625000 -0.00000000000000000004 5
0.0078125000 0.0421875000 -0.00000000000000000003 5
0.0078125000 0.0453125000 -0.00000000000000000003 5
0.0078125000 0.0484375000 -0.00000000000000000003 5
0.0109375000 -0.0484375000 -0.00000000000000000003 5
0.0109375000 -0.0453125000 -0.00000000000000000003 5
0.0109375000 -0.0421875000 -0.00000000000000000003 5
0.0109375000 -0.0390625000 -0.00000000000000000004 5
0.0109375000 -0.0359375000 -0.00000000000000000005 5
0.0109375000 -0.0328125000 -0.00000000000000000006 5
0.0109375000 -0.0296875000 -0.00000000000000000007 5
0.0109375000 -0.0265625000 -0.00000000000000000010 5
0.0109375000 -0.0234375000 -0.00000000000000000012 5
0.0109375000 -0.0203125000 -0.00000000000000000017 5
0.0109375000 -0.0171875000 -0.00000000000000000022 5
0.0109375000 -0.0140625000 -0.00000000000000000027 5
0.0109375000 -0.0109375000 -0.00000000000000000038 5
0.0109375000 -0.0078125000 -0.00000000000000000047 5
0.0109375000 -0.0046875000 0.00000000000000017455 5
0.0109375000 -0.0015625000 0.00000000000000515892 5
0.0109375000 0.0015625000 0.00000000000000515892 5
0.0109375000 0.0046875000 0.00000000000000017455 5
0.0109375000 0.0078125000 -0.00000000000000000047 5
0.0109375000 0.0109375000 -0.00000000000000000038 5
0.0109375000 0.0140625000 -0.00000000000000000027 5
0.0109375000 0.0171875000 -0.00000000000000000022 5
0.0109375000 0.0203125000 -0.00000000000000000017 5
0.0109375000 0.0234375000 -0.00000000000000000012 5
0.0109375000 0.0265625000 -0.00000000000000000010 5
0.0109375000 0.0296875000 -0.00000000000000000007 5
0.0109375000 0.0328125000 -0.00000000000000000006 5
0.0109375000 0.0359375000 -0.00000000000000000005 5
0.0109375000 0.0390625000 -0.00000000000000000004 5
0.0109375000 0.0421875000 -0.00000000000000000003 5
0.0109375000 0.0453125000 -0.00000000000000000003 5
0.0109375000 0.0484375000 -0.00000000000000000003 5
0.0140625000 -0.0484375000 -0.00000000000000000002 5
0.0140625000 -0.0453125000 -0.00000000000000000003 5
0.0140625000 -0.0421875000 -0.00000000000000000003 5
0.0140625000 -0.0390625000 -0.00000000000000000004 5
0.0140625000 -0.0359375000 -0.00000000000000000004 5
0.0140625000 -0.0328125000 -0.00000000000000000005 5
0.0140625000 -0.0296875000 -0.00000000000000000007 5
0.0140625000 -0.0265625000 -0.00000000000000000008 5
0.0140625000 -0.0234375000 -0.00000000000000000010 5
0.0140625000 -0.0203125000 -0.00000000000000000013 5
0.0140625000 -0.0171875000 -0.00000000000000000016 5
0.0140625000 -0.0140625000 -0.00000000000000000020 5
0.0140625000 -0.0109375000 -0.00000000000000000023 5
0.0140625000 -0.0078125000 -0.00000000000000000025 5
0.0140625000 -0.0046875000 -0.00000000000000000022 5
0.0140625000 -0.0015625000 -0.00000000000000000009 5
0.0140625000 0.0015625000 -0.00000000000000000009 5
0.0140625000 0.0046875000 -0.00000000000000000022 5
0.0140625000 0.0078125000 -0.00000000000000000025 5
0.0140625000 0.0109375000 -0.00000000000000000023 5
0.0140625000 0.0140625000 -0.00000000000000000020 5
0.0140625000 0.0171875000 -0.00000000000000000016 5
0.0140625000 0.0203125000 -0.00000000000000000013 5
0.0140625000 0.0234375000 -0.00000000000000000010 5
0.0140625000 0.0265625000 -0.00000000000000000008 5
0.0140625000 0.0296875000 -0.00000000000000000007 5
0.0140625000 0.0328125000 -0.00000000000000000005 5
0.0140625000 0.0359375000 -0.00000000000000000004 5
0.0140625000 0.0390625000 -0.00000000000000000004 5
0.0140625000 0.0421875000 -0.00000000000000000003 5
0.0140625000 0.0453125000 -0.00000000000000000003 5
0.0140625000 0.0484375000 -0.00000000000000000002 5
0.0171875000 -0.0484375000 -0.00000000000000000002 5
0.0171875000 -0.0453125000 -0.00000000000000000003 5
0.0171875000 -0.0421875000 -0.00000000000000000003 5
0.0171875000 -0.0390625000 -0.00000000000000000003 5
0.0171875000 -0.0359375000 -0.00000000000000000004 5
0.0171875000 -0.0328125000 -0.00000000000000000005 5
0.0171875000 -0.0296875000 -0.00000000000000000006 5
0.0171875000 -0.0265625000 -0.00000000000000000007 5
0.0171875000 -0.0234375000 -0.00000000000000000009 5
0.0171875000 -0.0203125000 -0.00000000000000000010 5
0.0171875000 -0.0171875000 -0.00000000000000000012 5
0.0171875000 -0.0140625000 -0.00000000000000000014 5
0.0171875000 -0.0109375000 -0.00000000000000000015 5
0.0171875000 -0.0078125000 -0.00000000000000000014 5
0.0171875000 -0.0046875000 -0.00000000000000000011 5
0.0171875000 -0.0015625000 -0.00000000000000000005 5
0.0171875000 0.0015625000 -0.00000000000000000005 5
0.0171875000 0.0046875000 -0.00000000000000000011 5
0.0171875000 0.0078125000 -0.00000000000000000014 5
0.0171875000 0.0109375000 -0.00000000000000000015 5
0.0171875000 0.0140625000 -0.00000000000000000014 5
0.0171875000 0.0171875000 -0.00000000000000000012 5
0.0171875000 0.0203125000 -0.00000000000000000010 5
0.0171875000 0.0234375000 -0.00000000000000000009 5
0.0171875000 0.0265625000 -0.00000000000000000007 5
0.0171875000 0.0296875000 -0.00000000000000000006 5
0.0171875000 0.0328125000 -0.00000000000000000005 5
0.0171875000 0.0359375000 -0.00000000000000000004 5
0.0171875000 0.0390625000 -0.00000000000000000003 5
0.0171875000 0.0421875000 -0.00000000000000000003 5
0.0171875000 0.0453125000 -0.00000000000000000003 5
0.0171875000 0.0484375000 -0.00000000000000000002 5
0.0203125000 -0.0484375000 -0.00000000000000000002 5
0.0203125000 -0.0453125000 -0.00000000000000000003 5
0.0203125000 -0.0421875000 -0.00000000000000000003 5
0.0203125000 -0.0390625000 -0.00000000000000000003 5
0.0203125000 -0.0359375000 -0.00000000000000000004 5
0.0203125000 -0.0328125000 -0.00000000000000000004 5
0.0203125000 -0.0296875000 -0.00000000000000000005 5
0.0203125000 -0.0265625000 -0.00000000000000000006 5
0.0203125000 -0.0234375000 -0.00000000000000000006 5
0.0203125000 -0.0203125000 -0.00000000000000000008 5
0.0203125000 -0.0171875000 -0.00000000000000000009 5
0.0203125000 -0.0140625000 -0.00000000000000000009 5
0.0203125000 -0.0109375000 -0.00000000000000000009 5
0.0203125000 -0.0078125000 -0.00000000000000000009 5
0.0203125000 -0.0046875000 -0.00000000000000000007 5
0.0203125000 -0.0015625000 -0.00000000000000000003 5
0.0203125000 0.0015625000 -0.00000000000000000003 5
0.0203125000 0.0046875000 -0.00000000000000000007 5
0.0203125000 0.0078125000 -0.00000000000000000009 5
0.0203125000 0.0109375000 -0.00000000000000000009 5
0.0203125000 0.0140625000 -0.00000000000000000009 5
0.0203125000 0.0171875000 -0.00000000000000000009 5
0.0203125000 0.0203125000 -0.00000000000000000008 5
0.0203125000 0.0234375000 -0.00000000000000000006 5
0.0203125000 0.0265625000 -0.00000000000000000006 5
0.0203125000 0.0296875000 -0.00000000000000000005 5
0.0203125000 0.0328125000 -0.00000000000000000004 5
0.0203125000 0.0359375000 -0.00000000000000000004 5
0.0203125000 0.0390625000 -0.00000000000000000003 5
0.0203125000 0.0421875000 -0.00000000000000000003 5
0.0203125000 0.0453125000 -0.00000000000000000003 5
0.0203125000 0.0484375000 -0.00000000000000000002 5
0.0234375000 -0.0484375000 -0.00000000000000000002 5
0.0234375000 -0.0453125000 -0.00000000000000000002 5
0.0234375000 -0.0421875000 -0.00000000000000000002 5
0.0234375000 -0.0390625000 -0.00000000000000000003 5
0.0234375000 -0.0359375000 -0.00000000000000000003 5
0.0234375000 -0.0328125000 -0.00000000000000000004 5
0.0234375000 -0.0296875000 -0.00000000000000000004 5
0.0234375000 -0.0265625000 -0.00000000000000000005 5
0.0234375000 -0.0234375000 -0.00000000000000000006 5
0.0234375000 -0.0203125000 -0.00000000000000000006 5
0.0234375000 -0.0171875000 -0.00000000000000000006 5
0.0234375000 -0.0140625000 -0.00000000000000000007 5
0.0234375000 -0.0109375000 -0.00000000000000000007 5
0.0234375000 -0.0078125000 -0.00000000000000000005 5
0.0234375000 -0.0046875000 -0.00000000000000000004 5
0.0234375000 -0.0015625000 -0.00000000000000000002 5
0.0234375000 0.0015625000 -0.00000000000000000002 5
0.0234375000 0.0046875000 -0.00000000000000000004 5
0.0234375000 0.0078125000 -0.00000000000000000005 5
0.0234375000 0.0109375000 -0.00000000000000000007 5
0.0234375000 0.0140625000 -0.00000000000000000007 5
0.0234375000 0.0171875000 -0.00000000000000000006 5
0.0234375000 0.0203125000 -0.00000000000000000006 5
0.0234375000 0.0234375000 -0.00000000000000000006 5
0.0234375000 0.0265625000 -0.00000000000000000005 5
0.0234375000 0.0296875000 -0.00000000000000000004 5
0.0234375000 0.0328125000 -0.00000000000000000004 5
0.0234375000 0.0359375000 -0.00000000000000000003 5
0.0234375000 0.0390625000 -0.00000000000000000003 5
0.0234375000 0.0421875000 -0.00000000000000000002 5
0.0234375000 0.0453125000 -0.00000000000000000002 5
0.0234375000 0.0484375000 -0.00000000000000000002 5
0.0265625000 -0.0484375000 -0.00000000000000000002 5
0.0265625000 -0.0453125000 -0.00000000000000000002 5
0.0265625000 -0.0421875000 -0.00000000000000000002 5
0.0265625000 -0.0390625000 -0.00000000000000000003 5
0.0265625000 -0.0359375000 -0.00000000000000000003 5
0.0265625000 -0.0328125000 -0.00000000000000000003 5
0.0265625000 -0.0296875000 -0.00000000000000000003 5
0.0265625000 -0.0265625000 -0.00000000000000000004 5
0.0265625000 -0.0234375000 -0.00000000000000000005 5
0.0265625000 -0.0203125000 -0.00000000000000000005 5
0.0265625000 -0.0171875000 -0.00000000000000000005 5
0.0265625000 -0.0140625000 -0.00000000000000000005 5
0.0265625000 -0.0109375000 -0.00000000000000000005 5
0.0265625000 -0.0078125000 -0.00000000000000000004 5
0.0265625000 -0.0046875000 -0.00000000000000000003 5
0.0265625000 -0.0015625000 -0.00000000000000000001 5
0.0265625000 0.0015625000 -0.00000000000000000001 5
0.0265625000 0.0046875000 -0.00000000000000000003 5
0.0265625000 0.0078125000 -0.00000000000000000004 5
0.0265625000 0.0109375000 -0.00000000000000000005 5
0.0265625000 0.0140625000 -0.00000000000000000005 5
0.0265625000 0.0171875000 -0.00000000000000000005 5
0.0265625000 0.0203125000 -0.00000000000000000005 5
0.0265625000 0.0234375000 -0.00000000000000000005 5
0.0265625000 0.0265625000 -0.00000000000000000004 5
0.0265625000 0.0296875000 -0.00000000000000000003 5
0.0265625000 0.0328125000 -0.00000000000000000003 5
0.0265625000 0.0359375000 -0.00000000000000000003 5
0.0265625000 0.0390625000 -0.00000000000000000003 5
0.0265625000 0.0421875000 -0.00000000000000000002 5
0.0265625000 0.0453125000 -0.00000000000000000002 5
0.0265625000 0.0484375000 -0.00000000000000000002 5
0.0296875000 -0.0484375000 -0.00000000000000000002 5
0.0296875000 -0.0453125000 -0.00000000000000000002 5
0.0296875000 -0.0421875000 -0.00000000000000000002 5
0.0296875000 -0.0390625000 -0.00000000000000000002 5
0.0296875000 -0.0359375000 -0.00000000000000000002 5
0.0296875000 -0.0328125000 -0.00000000000000000003 5
0.0296875000 -0.0296875000 -0.00000000000000000003 5
0.0296875000 -0.0265625000 -0.00000000000000000003 5
0.0296875000 -0.0234375000 -0.00000000000000000003 5
0.0296875000 -0.0203125000 -0.00000000000000000004 5
0.0296875000 -0.0171875000 -0.00000000000000000004 5
0.0296875000 -0.0140625000 -0.00000000000000000004 5
0.0296875000 -0.0109375000 -0.00000000000000000003 5
0.0296875000 -0.0078125000 -0.00000000000000000002 5
0.0296875000 -0.0046875000 -0.00000000000000000002 5
0.0296875000 -0.0015625000 -0.00000000000000000001 5
0.0296875000 0.0015625000 -0.00000000000000000001 5
0.0296875000 0.0046875000 -0.00000000000000000002 5
0.0296875000 0.0078125000 -0.00000000000000000002 5
0.0296875000 0.0109375000 -0.00000000000000000003 5
0.0296875000 0.0140625000 -0.00000000000000000004 5
0.0296875000 0.0171875000 -0.00000000000000000004 5
0.0296875000 0.0203125000 -0.00000000000000000004 5
0.0296875000 0.0234375000 -0.00000000000000000003 5
0.0296875000 0.0265625000 -0.00000000000000000003 5
0.0296875000 0.0296875000 -0.00000000000000000003 5
0.0296875000 0.0328125000 -0.00000000000000000003 5
0.0296875000 0.0359375000 -0.00000000000000000002 5
0.0296875000 0.0390625000 -0.00000000000000000002 5
0.0296875000 0.0421875000 -0.00000000000000000002 5
0.0296875000 0.0453125000 -0.00000000000000000002 5
0.0296875000 0.0484375000 -0.00000000000000000002 5
0.0328125000 -0.0484375000 -0.00000000000000000001 5
0.0328125000 -0.0453125000 -0.00000000000000000002 5
0.0328125000 -0.0421875000 -0.00000000000000000002 5
0.0328125000 -0.0390625000 -0.00000000000000000002 5
0.0328125000 -0.0359375000 -0.00000000000000000002 5
0.0328125000 -0.0328125000 -0.00000000000000000002 5
0.0328125000 -0.0296875000 -0.00000000000000000002 5
0.0328125000 -0.0265625000 -0.00000000000000000003 5
0.0328125000 -0.0234375000 -0.00000000000000000003 5
0.0328125000 -0.0203125000 -0.00000000000000000003 5
0.0328125000 -0.0171875000 -0.00000000000000000003 5
0.0328125000 -0.0140625000 -0.00000000000000000003 5
0.0328125000 -0.0109375000 -0.00000000000000000002 5
0.0328125000 -0.0078125000 -0.00000000000000000002 5
0.0328125000 -0.0046875000 -0.00000000000000000001 5
0.0328125000 -0.0015625000 -0.00000000000000000001 5
0.0328125000 0.0015625000 -0.00000000000000000001 5
0.0328125000 0.0046875000 -0.00000000000000000001 5
0.0328125000 0.0078125000 -0.00000000000000000002 5
0.0328125000 0.0109375000 -0.00000000000000000002 5
0.0328125000 0.0140625000 -0.00000000000000000003 5
0.0328125000 0.0171875000 -0.00000000000000000003 5
0.0328125000 0.0203125000 -0.00000000000000000003 5
0.0328125000 0.0234375000 -0.00000000000000000003 5
0.0328125000 0.0265625000 -0.00000000000000000003 5
0.0328125000 0.0296875000 -0.00000000000000000002 5
0.0328125000 0.0328125000 -0.00000000000000000002 5
0.0328125000 0.0359375000 -0.00000000000000000002 5
0.0328125000 0.0390625000 -0.00000000000000000002 5
0.0328125000 0.0421875000 -0.00000000000000000002 5
0.0328125000 0.0453125000 -0.00000000000000000002 5
0.0328125000 0.0484375000 -0.00000000000000000001 5
0.0359375000 -0.0484375000 -0.00000000000000000001 5
0.0359375000 -0.0453125000 -0.00000000000000000001 5
0.0359375000 -0.0421875000 -0.00000000000000000002 5
0.0359375000 -0.0390625000 -0.00000000000000000002 5
0.0359375000 -0.0359375000 -0.00000000000000000002 5
0.0359375000 -0.0328125000 -0.00000000000000000002 5
0.0359375000 -0.0296875000 -0.00000000000000000002 5
0.0359375000 -0.0265625000 -0.00000000000000000002 5
0.0359375000 -0.0234375000 -0.00000000000000000002 5
0.0359375000 -0.0203125000 -0.00000000000000000002 5
0.0359375000 -0.0171875000 -0.00000000000000000002 5
0.0359375000 -0.0140625000 -0.00000000000000000002 5
0.0359375000 -0.0109375000 -0.00000000000000000002 5
0.0359375000 -0.0078125000 -0.00000000000000000002 5
0.0359375000 -0.0046875000 -0.00000000000000000001 5
0.0359375000 -0.0015625000 -0.00000000000000000000 5
0.0359375000 0.0015625000 -0.00000000000000000000 5
0.0359375000 0.0046875000 -0.00000000000000000001 5
0.0359375000 0.0078125000 -0.00000000000000000002 5
0.0359375000 0.0109375000 -0.00000000000000000002 5
0.0359375000 0.0140625000 -0.00000000000000000002 5
0.0359375000 0.0171875000 -0.00000000000000000002 5
0.0359375000 0.0203125000 -0.00000000000000000002 5
0.0359375000 0.0234375000 -0.00000000000000000002 5
0.0359375000 0.0265625000 -0.00000000000000000002 5
0.0359375000 0.0296875000 -0.00000000000000000002 5
0.0359375000 0.0328125000 -0.00000000000000000002 5
0.0359375000 0.0359375000 -0.00000000000000000002 5
0.0359375000 0.0390625000 -0.00000000000000000002 5
0.0359375000 0.0421875000 -0.00000000000000000002 5
0.0359375000 0.0453125000 -0.00000000000000000001 5
0.0359375000 0.0484375000 -0.00000000000000000001 5
0.0390625000 -0.0484375000 -0.00000000000000000001 5
0.0390625000 -0.0453125000 -0.00000000000000000001 5
0.0390625000 -0.0421875000 -0.00000000000000000001 5
0.0390625000 -0.0390625000 -0.00000000000000000001 5
0.0390625000 -0.0359375000 -0.00000000000000000002 5
0.0390625000 -0.0328125000 -0.00000000000000000002 5
0.0390625000 -0.0296875000 -0.00000000000000000002 5
0.0390625000 -0.0265625000 -0.00000000000000000002 5
0.0390625000 -0.0234375000 -0.00000000000000000002 5
0.0390625000 -0.0203125000 -0.00000000000000000002 5
0.0390625000 -0.0171875000 -0.00000000000000000002 5
0.0390625000 -0.0140625000 -0.00000000000000000002 5
0.0390625000 -0.0109375000 -0.00000000000000000001 5
0.0390625000 -0.0078125000 -0.00000000000000000001 5
0.0390625000 -0.0046875000 -0.00000000000000000001 5
0.0390625000 -0.0015625000 -0.00000000000000000000 5
0.0390625000 0.0015625000 -0.00000000000000000000 5
0.0390625000 0.0046875000 -0.00000000000000000001 5
0.0390625000 0.0078125000 -0.00000000000000000001 5
0.0390625000 0.0109375000 -0.00000000000000000001 5
0.0390625000 0.0140625000 -0.00000000000000000002 5
0.0390625000 0.0171875000 -0.00000000000000000002 5
0.0390625000 0.0203125000 -0.00000000000000000002 5
0.0390625000 0.0234375000 -0.00000000000000000002 5
0.0390625000 0.0265625000 -0.00000000000000000002 5
0.0390625000 0.0296875000 -0.00000000000000000002 5
0.0390625000 0.0328125000 -0.00000000000000000002 5
0.0390625000 0.0359375000 -0.00000000000000000002 5
0.0390625000 0.0390625000 -0.00000000000000000001 5
0.0390625000 0.0421875000 -0.00000000000000000001 5
0.0390625000 0.0453125000 -0.00000000000000000001 5
0.0390625000 0.0484375000 -0.00000000000000000001 5
0.0421875000 -0.0484375000 -0.00000000000000000001 5
0.0421875000 -0.0453125000 -0.00000000000000000001 5
0.0421875000 -0.0421875000 -0.00000000000000000001 5
0.0421875000 -0.0390625000 -0.00000000000000000001 5
0.0421875000 -0.0359375000 -0.00000000000000000001 5
0.0421875000 -0.0328125000 -0.00000000000000000001 5
0.0421875000 -0.0296875000 -0.00000000000000000002 5
0.0421875000 -0.0265625000 -0.00000000000000000001 5
0.0421875000 -0.0234375000 -0.00000000000000000002 5
0.0421875000 -0.0203125000 -0.00000000000000000001 5
0.0421875000 -0.0171875000 -0.00000000000000000001 5
0.0421875000 -0.0140625000 -0.00000000000000000001 5
0.0421875000 -0.0109375000 -0.00000000000000000001 5
0.0421875000 -0.0078125000 -0.00000000000000000001 5
0.0421875000 -0.0046875000 -0.00000000000000000001 5
0.0421875000 -0.0015625000 -0.00000000000000000000 5
0.0421875000 0.0015625000 -0.00000000000000000000 5
0.0421875000 0.0046875000 -0.00000000000000000001 5
0.0421875000 0.0078125000 -0.00000000000000000001 5
0.0421875000 0.0109375000 -0.00000000000000000001 5
0.0421875000 0.0140625000 -0.00000000000000000001 5
0.0421875000 0.0171875000 -0.00000000000000000001 5
0.0421875000 0.0203125000 -0.00000000000000000001 5
0.0421875000 0.0234375000 -0.00000000000000000002 5
0.0421875000 0.0265625000 -0.00000000000000000001 5
0.0421875000 0.0296875000 -0.00000000000000000002 5
0.0421875000 0.0328125000 -0.00000000000000000001 5
0.0421875000 0.0359375000 -0.00000000000000000001 5
0.0421875000 0.0390625000 -0.00000000000000000001 5
0.0421875000 0.0421875000 -0.00000000000000000001 5
0.0421875000 0.0453125000 -0.00000000000000000001 5
0.0421875000 0.0484375000 -0.00000000000000000001 5
0.0453125000 -0.0484375000 -0.00000000000000000001 5
0.0453125000 -0.0453125000 -0.00000000000000000001 5
0.0453125000 -0.0421875000 -0.00000000000000000001 5
0.0453125000 -0.0390625000 -0.00000000000000000001 5
0.0453125000 -0.0359375000 -0.00000000000000000001 5
0.0453125000 -0.0328125000 -0.00000000000000000001 5
0.0453125000 -0.0296875000 -0.00000000000000000001 5
0.0453125000 -0.0265625000 -0.00000000000000000001 5
0.0453125000 -0.0234375000 -0.00000000000000000001 5
0.0453125000 -0.0203125000 -0.00000000000000000001 5
0.0453125000 -0.0171875000 -0.00000000000000000001 5
0.0453125000 -0.0140625000 -0.00000000000000000001 5
0.0453125000 -0.0109375000 -0.00000000000000000001 5
0.0453125000 -0.0078125000 -0.00000000000000000001 5
0.0453125000 -0.0046875000 -0.00000000000000000000 5
0.0453125000 -0.0015625000 -0.00000000000000000000 5
0.0453125000 0.0015625000 -0.00000000000000000000 5
0.0453125000 0.0046875000 -0.00000000000000000000 5
0.0453125000 0.0078125000 -0.00000000000000000001 5
0.0453125000 0.0109375000 -0.00000000000000000001 5
0.0453125000 0.0140625000 -0.00000000000000000001 5
0.0453125000 0.0171875000 -0.00000000000000000001 5
0.0453125000 0.0203125000 -0.00000000000000000001 5
0.0453125000 0.0234375000 -0.00000000000000000001 5
0.0453125000 0.0265625000 -0.00000000000000000001 5
0.0453125000 0.0296875000 -0.00000000000000000001 5
0.0453125000 0.0328125000 -0.00000000000000000001 5
0.0453125000 0.0359375000 -0.00000000000000000001 5
0.0453125000 0.0390625000 -0.00000000000000000001 5
0.0453125000 0.0421875000 -0.00000000000000000001 5
0.0453125000 0.0453125000 -0.00000000000000000001 5
0.0453125000 0.0484375000 -0.00000000000000000001 5
0.0484375000 -0.0484375000 -0.00000000000000000001 5
0.0484375000 -0.0453125000 -0.00000000000000000001 5
0.0484375000 -0.0421875000 -0.00000000000000000001 5
0.0484375000 -0.0390625000 -0.00000000000000000001 5
0.0484375000 -0.0359375000 -0.00000000000000000001 5
0.0484375000 -0.0328125000 -0.00000000000000000001 5
0.0484375000 -0.0296875000 -0.00000000000000000001 5
0.0484375000 -0.0265625000 -0.00000000000000000001 5
0.0484375000 -0.0234375000 -0.00000000000000000001 5
0.0484375000 -0.0203125000 -0.00000000000000000001 5
0.0484375000 -0.0171875000 -0.00000000000000000001 5
0.0484375000 -0.0140625000 -0.00000000000000000001 5
0.0484375000 -0.0109375000 -0.00000000000000000001 5
0.0484375000 -0.0078125000 -0.00000000000000000001 5
0.0484375000 -0.0046875000 -0.00000000000000000000 5
0.0484375000 -0.0015625000 -0.00000000000000000000 5
0.0484375000 0.0015625000 -0.00000000000000000000 5
0.0484375000 0.0046875000 -0.00000000000000000000 5
0.0484375000 0.0078125000 -0.00000000000000000001 5
0.0484375000 0.0109375000 -0.00000000000000000001 5
0.0484375000 0.0140625000 -0.00000000000000000001 5
0.0484375000 0.0171875000 -0.00000000000000000001 5
0.0484375000 0.0203125000 -0.00000000000000000001 5
0.0484375000 0.0234375000 -0.00000000000000000001 5
0.0484375000 0.0265625000 -0.00000000000000000001 5
0.0484375000 0.0296875000 -0.00000000000000000001 5
0.0484375000 0.0328125000 -0.00000000000000000001 5
0.0484375000 0.0359375000 -0.00000000000000000001 5
0.0484375000 0.0390625000 -0.00000000000000000001 5
0.0484375000 0.0421875000 -0.00000000000000000001 5
0.0484375000 0.0453125000 -0.00000000000000000001 5
0.0484375000 0.0484375000 -0.00000000000000000001 5
