-0.0468750000 -0.0468750000 0.00000000000000010000 4
-0.0468750000 -0.0406250000 0.00000000000000010000 4
-0.0468750000 -0.0343750000 0.00000000000000010000 4
-0.0468750000 -0.0281250000 0.00000000000000010000 4
-0.0468750000 -0.0218750000 0.00000000000000010000 4
-0.0468750000 -0.0156250000 0.00000000000000010000 4
-0.0468750000 -0.0093750000 0.00000000000000010000 4
-0.0468750000 -0.0031250000 0.00000000000000010000 4
-0.0468750000 0.0031250000 0.00000000000000010000 4
-0.0468750000 0.0093750000 0.00000000000000010000 4
-0.0468750000 0.0156250000 0.00000000000000010000 4
-0.0468750000 0.0218750000 0.00000000000000010000 4
-0.0468750000 0.0281250000 0.00000000000000010000 4
-0.0468750000 0.0343750000 0.00000000000000010000 4
-0.0468750000 0.0406250000 0.00000000000000010000 4
-0.0468750000 0.0468750000 0.00000000000000010000 4
-0.0406250000 -0.0468750000 0.00000000000000010000 4
-0.0406250000 -0.0406250000 0.00000000000000010000 4
-0.0406250000 -0.0343750000 0.00000000000000010000 4
-0.0406250000 -0.0281250000 0.00000000000000010000 4
-0.0406250000 -0.0218750000 0.00000000000000010000 4
-0.0406250000 -0.0156250000 0.00000000000000010000 4
-0.0406250000 -0.0093750000 0.00000000000000010000 4
-0.0406250000 -0.0031250000 0.00000000000000010000 4
-0.0406250000 0.0031250000 0.00000000000000010000 4
-0.0406250000 0.0093750000 0.00000000000000010000 4
-0.0406250000 0.0156250000 0.00000000000000010000 4
-0.0406250000 0.0218750000 0.00000000000000010000 4
-0.0406250000 0.0281250000 0.00000000000000010000 4
-0.0406250000 0.0343750000 0.00000000000000010000 4
-0.0406250000 0.0406250000 0.00000000000000010000 4
-0.0406250000 0.0468750000 0.00000000000000010000 4
-0.0343750000 -0.0468750000 0.00000000000000010000 4
-0.0343750000 -0.0406250000 0.00000000000000010000 4
-0.0343750000 -0.0343750000 0.00000000000000010000 4
-0.0343750000 -0.0281250000 0.00000000000000010000 4
-0.0343750000 -0.0218750000 0.00000000000000010000 4
-0.0343750000 -0.0156250000 0.00000000000000010000 4
-0.0343750000 -0.0093750000 0.00000000000000010000 4
-0.0343750000 -0.0031250000 0.00000000000000010000 4
-0.0343750000 0.0031250000 0.00000000000000010000 4
-0.0343750000 0.0093750000 0.00000000000000010000 4
-0.0343750000 0.0156250000 0.00000000000000010000 4
-0.0343750000 0.0218750000 0.00000000000000010000 4
-0.0343750000 0.0281250000 0.00000000000000010000 4
-0.0343750000 0.0343750000 0.00000000000000010000 4
-0.0343750000 0.0406250000 0.00000000000000010000 4
-0.0343750000 0.0468750000 0.00000000000000010000 4
-0.0281250000 -0.0468750000 0.00000000000000010000 4
-0.0281250000 -0.0406250000 0.00000000000000010000 4
-0.0281250000 -0.0343750000 0.00000000000000010000 4
-0.0281250000 -0.0281250000 0.00000000000000010000 4
-0.0281250000 -0.0218750000 0.00000000000000010000 4
-0.0281250000 -0.0156250000 0.00000000000000010000 4
-0.0281250000 -0.0093750000 0.00000000000000010000 4
-0.0281250000 -0.0031250000 0.00000000000000010000 4
-0.0281250000 0.0031250000 0.00000000000000010000 4
-0.0281250000 0.0093750000 0.00000000000000010000 4
-0.0281250000 0.0156250000 0.00000000000000010000 4
-0.0281250000 0.0218750000 0.00000000000000010000 4
-0.0281250000 0.0281250000 0.00000000000000010000 4
-0.0281250000 0.0343750000 0.00000000000000010000 4
-0.0281250000 0.0406250000 0.00000000000000010000 4
-0.0281250000 0.0468750000 0.00000000000000010000 4
-0.0218750000 -0.0468750000 0.00000000000000010000 4
-0.0218750000 -0.0406250000 0.00000000000000010000 4
-0.0218750000 -0.0343750000 0.00000000000000010000 4
-0.0218750000 -0.0281250000 0.00000000000000010000 4
-0.0218750000 -0.0218750000 0.00000000000000010000 4
-0.0218750000 -0.0156250000 0.00000000000000010000 4
-0.0218750000 -0.0093750000 0.00000000000000010000 4
-0.0218750000 -0.0031250000 0.00000000000000010000 4
-0.0218750000 0.0031250000 0.00000000000000010000 4
-0.0218750000 0.0093750000 0.00000000000000010000 4
-0.0218750000 0.0156250000 0.00000000000000010000 4
-0.0218750000 0.0218750000 0.00000000000000010000 4
-0.0218750000 0.0281250000 0.00000000000000010000 4
-0.0218750000 0.0343750000 0.00000000000000010000 4
-0.0218750000 0.0406250000 0.00000000000000010000 4
-0.0218750000 0.0468750000 0.00000000000000010000 4
-0.0156250000 -0.0468750000 0.00000000000000010000 4
-0.0156250000 -0.0406250000 0.00000000000000010000 4
-0.0156250000 -0.0343750000 0.00000000000000010000 4
-0.0156250000 -0.0281250000 0.00000000000000010000 4
-0.0156250000 -0.0218750000 0.00000000000000010000 4
-0.0156250000 -0.0156250000 0.00000000000000010000 4
-0.0156250000 -0.0093750000 0.00000000000000010000 4
-0.0156250000 -0.0031250000 0.00000000000000010000 4
-0.0156250000 0.0031250000 0.00000000000000010000 4
-0.0156250000 0.0093750000 0.00000000000000010000 4
-0.0156250000 0.0156250000 0.00000000000000010000 4
-0.0156250000 0.0218750000 0.00000000000000010000 4
-0.0156250000 0.0281250000 0.00000000000000010000 4
-0.0156250000 0.0343750000 0.00000000000000010000 4
-0.0156250000 0.0406250000 0.00000000000000010000 4
-0.0156250000 0.0468750000 0.00000000000000010000 4
-0.0093750000 -0.0468750000 0.00000000000000010000 4
-0.0093750000 -0.0406250000 0.00000000000000010000 4
-0.0093750000 -0.0343750000 0.00000000000000010000 4
-0.0093750000 -0.0281250000 0.00000000000000010000 4
-0.0093750000 -0.0218750000 0.00000000000000010000 4
-0.0093750000 -0.0156250000 0.00000000000000010000 4
-0.0093750000 -0.0093750000 0.00000000000000010000 4
-0.0093750000 -0.0031250000 0.00000000000129773916 4
-0.0093750000 0.0031250000 0.00000000000129773916 4
-0.0093750000 0.0093750000 0.00000000000000010000 4
-0.0093750000 0.0156250000 0.00000000000000010000 4
-0.0093750000 0.0218750000 0.00000000000000010000 4
-0.0093750000 0.0281250000 0.00000000000000010000 4
-0.0093750000 0.0343750000 0.00000000000000010000 4
-0.0093750000 0.0406250000 0.00000000000000010000 4
-0.0093750000 0.0468750000 0.00000000000000010000 4
-0.0031250000 -0.0468750000 0.00000000000000010000 4
-0.0031250000 -0.0406250000 0.00000000000000010000 4
-0.0031250000 -0.0343750000 0.00000000000000010000 4
-0.0031250000 -0.0281250000 0.00000000000000010000 4
-0.0031250000 -0.0218750000 0.00000000000000010000 4
-0.0031250000 -0.0156250000 0.00000000000000010000 4
-0.0031250000 -0.0093750000 0.00000000000000013599 4
-0.0031250000 -0.0031250000 0.00036361271209214911 4
-0.0031250000 0.0031250000 0.00036361271209214911 4
-0.0031250000 0.0093750000 0.00000000000000013599 4
-0.0031250000 0.0156250000 0.00000000000000010000 4
-0.0031250000 0.0218750000 0.00000000000000010000 4
-0.0031250000 0.0281250000 0.00000000000000010000 4
-0.0031250000 0.0343750000 0.00000000000000010000 4
-0.0031250000 0.0406250000 0.00000000000000010000 4
-0.0031250000 0.0468750000 0.00000000000000010000 4
0.0031250000 -0.0468750000 0.00000000000000010000 4
0.0031250000 -0.0406250000 0.00000000000000010000 4
0.0031250000 -0.0343750000 0.00000000000000010000 4
0.0031250000 -0.0281250000 0.00000000000000010000 4
0.0031250000 -0.0218750000 0.00000000000000010000 4
0.0031250000 -0.0156250000 0.00000000000000010000 4
0.0031250000 -0.0093750000 0.00000000000000013605 4
0.0031250000 -0.0031250000 0.00036361273234079470 4
0.0031250000 0.0031250000 0.00036361273234079470 4
0.0031250000 0.0093750000 0.00000000000000013605 4
0.0031250000 0.0156250000 0.00000000000000010000 4
0.0031250000 0.0218750000 0.00000000000000010000 4
0.0031250000 0.0281250000 0.00000000000000010000 4
0.0031250000 0.0343750000 0.00000000000000010000 4
0.0031250000 0.0406250000 0.00000000000000010000 4
0.0031250000 0.0468750000 0.00000000000000010000 4
0.0093750000 -0.0468750000 0.00000000000000010000 4
0.0093750000 -0.0406250000 0.00000000000000010000 4
0.0093750000 -0.0343750000 0.00000000000000010000 4
0.0093750000 -0.0281250000 0.00000000000000010000 4
0.0093750000 -0.0218750000 0.00000000000000010000 4
0.0093750000 -0.0156250000 0.00000000000000010000 4
0.0093750000 -0.0093750000 0.00000000000000010000 4
0.0093750000 -0.0031250000 0.00000000000129773785 4
0.0093750000 0.0031250000 0.00000000000129773785 4
0.0093750000 0.0093750000 0.00000000000000010000 4
0.0093750000 0.0156250000 0.00000000000000010000 4
0.0093750000 0.0218750000 0.00000000000000010000 4
0.0093750000 0.0281250000 0.00000000000000010000 4
0.0093750000 0.0343750000 0.00000000000000010000 4
0.0093750000 0.0406250000 0.00000000000000010000 4
0.0093750000 0.0468750000 0.00000000000000010000 4
0.0156250000 -0.0468750000 0.00000000000000010000 4
0.0156250000 -0.0406250000 0.00000000000000010000 4
0.0156250000 -0.0343750000 0.00000000000000010000 4
0.0156250000 -0.0281250000 0.00000000000000010000 4
0.0156250000 -0.0218750000 0.00000000000000010000 4
0.0156250000 -0.0156250000 0.00000000000000010000 4
0.0156250000 -0.0093750000 0.00000000000000010000 4
0.0156250000 -0.0031250000 0.00000000000000010000 4
0.0156250000 0.0031250000 0.00000000000000010000 4
0.0156250000 0.0093750000 0.00000000000000010000 4
0.0156250000 0.0156250000 0.00000000000000010000 4
0.0156250000 0.0218750000 0.00000000000000010000 4
0.0156250000 0.0281250000 0.00000000000000010000 4
0.0156250000 0.0343750000 0.00000000000000010000 4
0.0156250000 0.0406250000 0.00000000000000010000 4
0.0156250000 0.0468750000 0.00000000000000010000 4
0.0218750000 -0.0468750000 0.00000000000000010000 4
0.0218750000 -0.0406250000 0.00000000000000010000 4
0.0218750000 -0.0343750000 0.00000000000000010000 4
0.0218750000 -0.0281250000 0.00000000000000010000 4
0.0218750000 -0.0218750000 0.00000000000000010000 4
0.0218750000 -0.0156250000 0.00000000000000010000 4
0.0218750000 -0.0093750000 0.00000000000000010000 4
0.0218750000 -0.0031250000 0.00000000000000010000 4
0.0218750000 0.0031250000 0.00000000000000010000 4
0.0218750000 0.0093750000 0.00000000000000010000 4
0.0218750000 0.0156250000 0.00000000000000010000 4
0.0218750000 0.0218750000 0.00000000000000010000 4
0.0218750000 0.0281250000 0.00000000000000010000 4
0.0218750000 0.0343750000 0.00000000000000010000 4
0.0218750000 0.0406250000 0.00000000000000010000 4
0.0218750000 0.0468750000 0.00000000000000010000 4
0.0281250000 -0.0468750000 0.00000000000000010000 4
0.0281250000 -0.0406250000 0.00000000000000010000 4
0.0281250000 -0.0343750000 0.00000000000000010000 4
0.0281250000 -0.0281250000 0.00000000000000010000 4
0.0281250000 -0.0218750000 0.00000000000000010000 4
0.0281250000 -0.0156250000 0.00000000000000010000 4
0.0281250000 -0.0093750000 0.00000000000000010000 4
0.0281250000 -0.0031250000 0.00000000000000010000 4
0.0281250000 0.0031250000 0.00000000000000010000 4
0.0281250000 0.0093750000 0.00000000000000010000 4
0.0281250000 0.0156250000 0.00000000000000010000 4
0.0281250000 0.0218750000 0.00000000000000010000 4
0.0281250000 0.0281250000 0.00000000000000010000 4
0.0281250000 0.0343750000 0.00000000000000010000 4
0.0281250000 0.0406250000 0.00000000000000010000 4
0.0281250000 0.0468750000 0.00000000000000010000 4
0.0343750000 -0.0468750000 0.00000000000000010000 4
0.0343750000 -0.0406250000 0.00000000000000010000 4
0.0343750000 -0.0343750000 0.00000000000000010000 4
0.0343750000 -0.0281250000 0.00000000000000010000 4
0.0343750000 -0.0218750000 0.00000000000000010000 4
0.0343750000 -0.0156250000 0.00000000000000010000 4
0.0343750000 -0.0093750000 0.00000000000000010000 4
0.0343750000 -0.0031250000 0.00000000000000010000 4
0.0343750000 0.0031250000 0.00000000000000010000 4
0.0343750000 0.0093750000 0.00000000000000010000 4
0.0343750000 0.0156250000 0.00000000000000010000 4
0.0343750000 0.0218750000 0.00000000000000010000 4
0.0343750000 0.0281250000 0.00000000000000010000 4
0.0343750000 0.0343750000 0.00000000000000010000 4
0.0343750000 0.0406250000 0.00000000000000010000 4
0.0343750000 0.0468750000 0.00000000000000010000 4
0.0406250000 -0.0468750000 0.00000000000000010000 4
0.0406250000 -0.0406250000 0.00000000000000010000 4
0.0406250000 -0.0343750000 0.00000000000000010000 4
0.0406250000 -0.0281250000 0.00000000000000010000 4
0.0406250000 -0.0218750000 0.00000000000000010000 4
0.0406250000 -0.0156250000 0.00000000000000010000 4
0.0406250000 -0.0093750000 0.00000000000000010000 4
0.0406250000 -0.0031250000 0.00000000000000010000 4
0.0406250000 0.0031250000 0.00000000000000010000 4
0.0406250000 0.0093750000 0.00000000000000010000 4
0.0406250000 0.0156250000 0.00000000000000010000 4
0.0406250000 0.0218750000 0.00000000000000010000 4
0.0406250000 0.0281250000 0.00000000000000010000 4
0.0406250000 0.0343750000 0.00000000000000010000 4
0.0406250000 0.0406250000 0.00000000000000010000 4
0.0406250000 0.0468750000 0.00000000000000010000 4
0.0468750000 -0.0468750000 0.00000000000000010000 4
0.0468750000 -0.0406250000 0.00000000000000010000 4
0.0468750000 -0.0343750000 0.00000000000000010000 4
0.0468750000 -0.0281250000 0.00000000000000010000 4
0.0468750000 -0.0218750000 0.00000000000000010000 4
0.0468750000 -0.0156250000 0.00000000000000010000 4
0.0468750000 -0.0093750000 0.00000000000000010000 4
0.0468750000 -0.0031250000 0.00000000000000010000 4
0.0468750000 0.0031250000 0.00000000000000010000 4
0.0468750000 0.0093750000 0.00000000000000010000 4
0.0468750000 0.0156250000 0.00000000000000010000 4
0.0468750000 0.0218750000 0.00000000000000010000 4
0.0468750000 0.0281250000 0.00000000000000010000 4
0.0468750000 0.0343750000 0.00000000000000010000 4
0.0468750000 0.0406250000 0.00000000000000010000 4
0.0468750000 0.0468750000 0.00000000000000010000 4
