-0.0060000000 -0.0060000000 0.00000000001605721987 2
-0.0060000000 -0.0020000000 0.00000097372881575344 2
-0.0060000000 0.0020000000 0.00000097372881575344 2
-0.0060000000 0.0060000000 0.00000000001605721987 2
-0.0020000000 -0.0060000000 0.00000004631775457897 2
-0.0020000000 -0.0020000000 0.05335737478828597030 2
-0.0020000000 0.0020000000 0.05335737478828597030 2
-0.0020000000 0.0060000000 0.00000004631775457897 2
0.0020000000 -0.0060000000 0.00000004631774017108 2
0.0020000000 -0.0020000000 0.05335738423944427072 2
0.0020000000 0.0020000000 0.05335738423944427072 2
0.0020000000 0.0060000000 0.00000004631774017108 2
0.0060000000 -0.0060000000 0.00000000001605720867 2
0.0060000000 -0.0020000000 0.00000097372814415599 2
0.0060000000 0.0020000000 0.00000097372814415599 2
0.0060000000 0.0060000000 0.00000000001605720867 2
