-0.0437500000 -0.0437500000 0.00000000000000010000 3
-0.0437500000 -0.0312500000 0.00000000000000010000 3
-0.0437500000 -0.0187500000 0.00000000000000010000 3
-0.0437500000 -0.0062500000 0.00000000000000010000 3
-0.0437500000 0.0062500000 0.00000000000000010000 3
-0.0437500000 0.0187500000 0.00000000000000010000 3
-0.0437500000 0.0312500000 0.00000000000000010000 3
-0.0437500000 0.0437500000 0.00000000000000010000 3
-0.0312500000 -0.0437500000 0.00000000000000010000 3
-0.0312500000 -0.0312500000 0.00000000000000010000 3
-0.0312500000 -0.0187500000 0.00000000000000010000 3
-0.0312500000 -0.0062500000 0.00000000000000010000 3
-0.0312500000 0.0062500000 0.00000000000000010000 3
-0.0312500000 0.0187500000 0.00000000000000010000 3
-0.0312500000 0.0312500000 0.00000000000000010000 3
-0.0312500000 0.0437500000 0.00000000000000010000 3
-0.0187500000 -0.0437500000 0.00000000000000010000 3
-0.0187500000 -0.0312500000 0.00000000000000010000 3
-0.0187500000 -0.0187500000 0.00000000000000010000 3
-0.0187500000 -0.0062500000 0.00000000000000010000 3
-0.0187500000 0.0062500000 0.00000000000000010000 3
-0.0187500000 0.0187500000 0.00000000000000010000 3
-0.0187500000 0.0312500000 0.00000000000000010000 3
-0.0187500000 0.0437500000 0.00000000000000010000 3
-0.0062500000 -0.0437500000 0.00000000000000010000 3
-0.0062500000 -0.0312500000 0.00000000000000010000 3
-0.0062500000 -0.0187500000 0.00000000000000010000 3
-0.0062500000 -0.0062500000 0.00000000000125592410 3
-0.0062500000 0.0062500000 0.00000000000125592410 3
-0.0062500000 0.0187500000 0.00000000000000010000 3
-0.0062500000 0.0312500000 0.00000000000000010000 3
-0.0062500000 0.0437500000 0.00000000000000010000 3
0.0062500000 -0.0437500000 0.00000000000000010000 3
0.0062500000 -0.0312500000 0.00000000000000010000 3
0.0062500000 -0.0187500000 0.00000000000000010000 3
0.0062500000 -0.0062500000 0.00000000000125592320 3
0.0062500000 0.0062500000 0.00000000000125592320 3
0.0062500000 0.0187500000 0.00000000000000010000 3
0.0062500000 0.0312500000 0.00000000000000010000 3
0.0062500000 0.0437500000 0.00000000000000010000 3
0.0187500000 -0.0437500000 0.00000000000000010000 3
0.0187500000 -0.0312500000 0.00000000000000010000 3
0.0187500000 -0.0187500000 0.00000000000000010000 3
0.0187500000 -0.0062500000 0.00000000000000010000 3
0.0187500000 0.0062500000 0.00000000000000010000 3
0.0187500000 0.0187500000 0.00000000000000010000 3
0.0187500000 0.0312500000 0.00000000000000010000 3
0.0187500000 0.0437500000 0.00000000000000010000 3
0.0312500000 -0.0437500000 0.00000000000000010000 3
0.0312500000 -0.0312500000 0.00000000000000010000 3
0.0312500000 -0.0187500000 0.00000000000000010000 3
0.0312500000 -0.0062500000 0.00000000000000010000 3
0.0312500000 0.0062500000 0.00000000000000010000 3
0.0312500000 0.0187500000 0.00000000000000010000 3
0.0312500000 0.0312500000 0.00000000000000010000 3
0.0312500000 0.0437500000 0.00000000000000010000 3
0.0437500000 -0.0437500000 0.00000000000000010000 3
0.0437500000 -0.0312500000 0.00000000000000010000 3
0.0437500000 -0.0187500000 0.00000000000000010000 3
0.0437500000 -0.0062500000 0.00000000000000010000 3
0.0437500000 0.0062500000 0.00000000000000010000 3
0.0437500000 0.0187500000 0.00000000000000010000 3
0.0437500000 0.0312500000 0.00000000000000010000 3
0.0437500000 0.0437500000 0.00000000000000010000 3
